43, 
20, 
19, 
21, 
20, 
36, 
24, 
23, 
23, 
25, 
26, 
20, 
33, 
22, 
43, 
30, 
25, 
33, 
29, 
38, 
25, 
34, 
17, 
25, 
50, 
33, 
25, 
41, 
32, 
16, 
23, 
42, 
21, 
28, 
17, 
13, 
19, 
18, 
32, 
22, 
21, 
26, 
32, 
37, 
40, 
38, 
43, 
31, 
18, 
35, 
29, 
19, 
23, 
22, 
25, 
16, 
40, 
22, 
18, 
28, 
38, 
28, 
32, 
21, 
61, 
42, 
39, 
43, 
34, 
16, 
35, 
32, 
41, 
35, 
27, 
32, 
43, 
25, 
25, 
22, 
20, 
18, 
32, 
40, 
28, 
21, 
24, 
25, 
26, 
28, 
23, 
27, 
33, 
19, 
39, 
27, 
40, 
47, 
19, 
58, 
0, 
0, 
0, 
0, 
0, 
0, 
0, 
0, 
0, 
0, 
0, 
0, 
0, 
0, 
0, 
0, 
0, 
0, 
0, 
0, 
0, 
0, 
0, 
0, 
0, 
0, 
0, 
0, 
0, 
0, 
481, 
0, 
4222428292, 
0, 
0, 
0, 
0, 
0, 
0, 
0, 
0, 
0, 
0, 
0, 
0, 
0, 
0, 
0, 
0, 
0, 
0, 
0, 
0, 
0, 
0, 
0, 
0, 
0, 
370771392, 
32535, 
3, 
0, 
0, 
0, 
0, 
0, 
1557727472, 
21962, 
4294967295, 
4294967295, 
0, 
0, 
1557727488, 
21962, 
0, 
0, 
0, 
0, 
0, 
0, 
0, 
0, 
0, 
0, 
0, 
0, 
370754720, 
32535, 
0, 
0, 
0, 
0, 
0, 
0, 
0, 
0, 
0, 
0, 
0, 
0, 
0, 
0, 
0, 
0, 
0, 
0, 
0, 
0, 
0, 
0, 
0, 
0, 
0, 
0, 
0, 
0, 
0, 
0, 
0, 
0, 
0, 
0, 
0, 
0, 
0, 
0, 
0, 
0, 
0, 
0, 
0, 
0, 
0, 
0, 
0, 
0, 
0, 
0, 
0, 
0, 
0, 
0, 
0, 
0, 
0, 
0, 
0, 
0, 
370753376, 
32535, 
8209, 
0, 
539767604, 
741356042, 
959515168, 
839524396, 
169880625, 
539766834, 
741749514, 
875694624, 
839524396, 
169880627, 
539767602, 
741683722, 
909249056, 
839524396, 
169880624, 
539767603, 
741487114, 
859048480, 
856301612, 
169880624, 
539768114, 
741552906, 
959580704, 
856301612, 
169880632, 
539768114, 
741618442, 
925960736, 
839524396, 
169880629, 
539766837, 
741552906, 
892471840, 
873078828, 
169880625, 
539767347, 
741749002, 
858917408, 
873078828, 
169880626, 
539767090, 
741880330, 
925960736, 
822747180, 
169880627, 
539769137, 
741880074, 
842205728, 
839524396, 
169880626, 
539767090, 
741749258, 
842205728, 
856301612, 
169880631, 
539766836, 
741880586, 
859048480, 
856301612, 
169880625, 
539768881, 
741683978, 
959580704, 
822747180, 
169880633, 
539767602, 
741487114, 
892471840, 
822747180, 
169880630, 
539766836, 
741487114, 
942737952, 
839524396, 
169880632, 
539768883, 
741880330, 
842205728, 
839524396, 
169880625, 
539767094, 
741487626, 
959646240, 
873078828, 
169880627, 
539767859, 
741749002, 
892537376, 
856301612, 
169880626, 
539767092, 
741683978, 
926026272, 
856301612, 
169880626, 
539767604, 
741683722, 
892471840, 
839524396, 
169880626, 
539766834, 
741880074, 
842205728, 
873078828, 
169880624, 
539768882, 
741421578, 
875694624, 
839524396, 
169880629, 
539768370, 
741880330, 
858917408, 
839524396, 
169880631, 
539767603, 
741945610, 
959646240, 
839524396, 
169880631, 
539766836, 
741815306, 
959515168, 
889856044, 
169880632, 
169880624, 
169880624, 
169880624, 
169880624, 
169880624, 
169880624, 
169880624, 
169880624, 
169880624, 
169880624, 
169880624, 
169880624, 
169880624, 
169880624, 
169880624, 
169880624, 
169880624, 
169880624, 
169880624, 
169880624, 
169880624, 
169880624, 
169880624, 
169880624, 
169880624, 
169880624, 
169880624, 
169880624, 
169880624, 
169880624, 
741423156, 
741345824, 
842271264, 
842281522, 
842609208, 
805969964, 
805969964, 
805969964, 
805969964, 
805969964, 
805969964, 
805969964, 
805969964, 
805969964, 
805969964, 
805969964, 
805969964, 
805969964, 
805969964, 
805969964, 
805969964, 
805969964, 
805969964, 
805969964, 
805969964, 
805969964, 
805969964, 
805969964, 
805969964, 
805969964, 
856301612, 
926363703, 
842609457, 
856301612, 
892548402, 
856301612, 
805969964, 
805969964, 
805969964, 
805969964, 
805969964, 
822747180, 
926364981, 
926168882, 
169880626, 
909717810, 
169880626, 
876163636, 
842479161, 
539768121, 
959591434, 
926300468, 
741685554, 
741345824, 
741345824, 
892406304, 
842479413, 
943207479, 
839524396, 
842414385, 
805969964, 
805969964, 
805969964, 
805969964, 
805969964, 
805969964, 
805969964, 
805969964, 
805969964, 
805969964, 
805969964, 
805969964, 
856301612, 
892809271, 
808597300, 
856301612, 
892548402, 
805969964, 
805969964, 
805969964, 
805969964, 
805969964, 
805969964, 
805969964, 
805969964, 
805969964, 
805969964, 
805969964, 
805969964, 
805969964, 
805969964, 
805969964, 
805969964, 
805969964, 
805969964, 
805969964, 
805969964, 
805969964, 
805969964, 
805969964, 
805969964, 
805969964, 
805969964, 
805969964, 
805969964, 
805969964, 
805969964, 
805969964, 
805969964, 
805969964, 
805969964, 
805969964, 
805969964, 
805969964, 
805969964, 
805969964, 
805969964, 
805969964, 
805969964, 
805969964, 
805969964, 
805969964, 
805969964, 
805969964, 
805969964, 
805969964, 
805969964, 
805969964, 
805969964, 
805969964, 
805969964, 
805969964, 
805969964, 
805969964, 
805969964, 
805969964, 
805969964, 
856301612, 
892809271, 
909587251, 
856301612, 
892548402, 
940187692, 
741945394, 
741345824, 
859114016, 
926299961, 
741617718, 
876022304, 
909456177, 
741487664, 
892930592, 
892417337, 
741881393, 
859310624, 
875705657, 
741751091, 
909183520, 
808990777, 
741683766, 
859114016, 
909522745, 
741618488, 
876022304, 
959723313, 
741617973, 
926419488, 
876164661, 
741618230, 
859310624, 
875705657, 
741751091, 
909183520, 
808990777, 
741814838, 
859114016, 
926299961, 
741486646, 
876022304, 
859321905, 
741487159, 
809044512, 
959722041, 
741750064, 
859310624, 
875705657, 
741751091, 
909183520, 
808990777, 
741618230, 
859114016, 
926299961, 
741552182, 
876022304, 
926430257, 
741617969, 
892865056, 
942944313, 
741357620, 
892865056, 
825242422, 
741486902, 
909183520, 
808990777, 
741618230, 
859114016, 
943077177, 
741617969, 
876022304, 
842347825, 
741748793, 
892930592, 
808990009, 
741617719, 
892865056, 
825242422, 
741486902, 
909183520, 
808990777, 
741487414, 
859114016, 
943077177, 
741617969, 
876022304, 
942749233, 
741487668, 
842598944, 
808859957, 
741749559, 
859310624, 
875705657, 
741751091, 
909183520, 
808990777, 
741945910, 
859114016, 
909522745, 
741815096, 
876022304, 
842347825, 
741748793, 
959973920, 
825701426, 
741356600, 
926419488, 
943140915, 
741880376, 
909183520, 
808990777, 
741683766, 
859114016, 
926299961, 
741815347, 
876022304, 
959723313, 
741486640, 
892865056, 
925972792, 
741879860, 
926419488, 
943140915, 
741880376, 
909183520, 
808990777, 
741749302, 
859114016, 
926299961, 
741357872, 
876022304, 
808990769, 
741356339, 
842598944, 
808859957, 
741749559, 
842533408, 
926168882, 
741357617, 
909183520, 
808990777, 
741814838, 
859114016, 
959854393, 
741815089, 
876022304, 
808990769, 
741619504, 
876087840, 
892351026, 
741880375, 
859310624, 
875705657, 
741751091, 
909183520, 
808990777, 
741749302, 
859114016, 
926299961, 
741357872, 
876022304, 
959723313, 
741881138, 
876087840, 
892351026, 
741880375, 
892865056, 
825242422, 
741486902, 
909183520, 
808990777, 
741421878, 
859114016, 
909522745, 
741749560, 
876022304, 
808990769, 
741750837, 
892865056, 
942944313, 
741357620, 
892865056, 
825242422, 
741486902, 
909183520, 
808990777, 
741683766, 
859114016, 
943077177, 
741423160, 
876022304, 
859321905, 
741881657, 
892930592, 
808990009, 
741617719, 
842533408, 
926168882, 
741357617, 
909183520, 
808990777, 
741552950, 
859114016, 
926299961, 
741486646, 
876022304, 
926430257, 
741617969, 
959973920, 
825701426, 
741356600, 
842533408, 
926168882, 
741357617, 
909183520, 
808990777, 
741356342, 
859114016, 
909522745, 
741749560, 
876022304, 
926430257, 
741617969, 
876153376, 
926103346, 
741487929, 
859310624, 
875705657, 
741751091, 
909183520, 
808990777, 
741487414, 
859114016, 
943077177, 
741554232, 
876022304, 
808990769, 
741356339, 
876087840, 
892351026, 
741880375, 
859310624, 
875705657, 
741751091, 
909183520, 
808990777, 
741683766, 
859114016, 
926299961, 
741620016, 
876022304, 
926430257, 
741749302, 
892930592, 
909391417, 
741356594, 
926419488, 
943140915, 
741880376, 
909183520, 
808990777, 
741814838, 
859114016, 
926299961, 
741946680, 
876022304, 
959723313, 
741486640, 
959973920, 
926102834, 
741750579, 
892865056, 
825242422, 
741486902, 
909183520, 
808990777, 
741749302, 
859114016, 
926299961, 
741488944, 
876022304, 
859321905, 
741881657, 
842598944, 
909258806, 
741488434, 
892865056, 
825242422, 
741486902, 
909183520, 
808990777, 
741749302, 
859114016, 
926299961, 
741617718, 
876022304, 
859321905, 
741487159, 
959973920, 
825701426, 
741356600, 
859310624, 
875705657, 
741751091, 
909183520, 
808990777, 
741749302, 
859114016, 
909522745, 
741618488, 
876022304, 
808990769, 
741619504, 
876087840, 
892351026, 
741880375, 
926419488, 
943140915, 
741880376, 
909183520, 
808990777, 
741618230, 
859114016, 
943077177, 
741488696, 
876022304, 
825373745, 
741881653, 
926419488, 
876164661, 
741618230, 
859310624, 
875705657, 
741751091, 
909183520, 
808990777, 
741945910, 
859114016, 
943077177, 
741357363, 
876022304, 
808990769, 
741356339, 
892865056, 
925972792, 
741879860, 
859310624, 
875705657, 
741751091, 
909183520, 
808990777, 
741421878, 
859114016, 
926299961, 
741552182, 
876022304, 
892614961, 
741355830, 
892930592, 
909391417, 
741356594, 
859310624, 
875705657, 
741751091, 
909183520, 
808990777, 
741421878, 
859114016, 
909522745, 
741749560, 
876022304, 
892418097, 
741748787, 
892930592, 
892417337, 
741881393, 
943196704, 
909457465, 
741618736, 
909183520, 
808990777, 
741487414, 
909183520, 
808990777, 
741618230, 
909183520, 
808990777, 
741618230, 
909183520, 
808990777, 
741618230, 
909183520, 
808990777, 
741618230, 
909183520, 
808990777, 
741618230, 
909183520, 
808990777, 
741618230, 
909183520, 
808990777, 
741618230, 
909183520, 
808990777, 
741618230, 
909183520, 
808990777, 
741618230, 
909183520, 
808990777, 
741618230, 
909183520, 
808990777, 
741618230, 
909183520, 
808990777, 
741618230, 
909183520, 
808990777, 
741618230, 
909183520, 
808990777, 
741618230, 
909183520, 
808990777, 
741618230, 
909183520, 
808990777, 
741618230, 
909183520, 
808990777, 
741618230, 
909183520, 
808990777, 
741618230, 
909183520, 
808990777, 
741618230, 
909183520, 
808990777, 
741618230, 
909183520, 
808990777, 
741618230, 
909183520, 
808990777, 
741618230, 
909183520, 
808990777, 
741618230, 
909183520, 
808990777, 
741618230, 
909183520, 
808990777, 
741618230, 
909183520, 
808990777, 
741618230, 
909183520, 
808990777, 
741618230, 
909183520, 
808990777, 
741618230, 
909183520, 
808990777, 
741618230, 
909183520, 
808990777, 
741618230, 
876022304, 
858928177, 
741750065, 
876022304, 
892613425, 
741618232, 
876087840, 
825700914, 
741619250, 
876087840, 
825766450, 
741487157, 
876087840, 
959460914, 
741879858, 
808978976, 
959854901, 
741619257, 
808978976, 
959854901, 
741619257, 
808978976, 
959854901, 
741619257, 
808978976, 
959854901, 
741619257, 
808978976, 
959854901, 
741619257, 
808978976, 
959854901, 
741619257, 
808978976, 
959854901, 
741619257, 
808978976, 
959854901, 
741619257, 
808978976, 
959854901, 
741619257, 
808978976, 
959854901, 
741619257, 
808978976, 
959854901, 
741619257, 
808978976, 
959854901, 
741619257, 
808978976, 
959854901, 
741619257, 
808978976, 
959854901, 
741619257, 
808978976, 
959854901, 
741619257, 
808978976, 
959854901, 
741619257, 
808978976, 
959854901, 
741619257, 
808978976, 
959854901, 
741619257, 
808978976, 
959854901, 
741619257, 
808978976, 
959854901, 
741619257, 
808978976, 
959854901, 
741619257, 
808978976, 
959854901, 
741619257, 
808978976, 
959854901, 
741619257, 
808978976, 
959854901, 
741619257, 
808978976, 
959854901, 
741619257, 
892865056, 
825242422, 
741486902, 
842598944, 
859190070, 
741552183, 
876087840, 
959460914, 
741815604, 
892865056, 
825242422, 
741486902, 
959973920, 
942945586, 
741486644, 
892865056, 
825242422, 
741486902, 
808978976, 
959854901, 
825243956, 
940187692, 
875705650, 
909457715, 
956964908, 
942747700, 
842610231, 
940187692, 
808924471, 
808793653, 
956964908, 
892614960, 
892417847, 
956964908, 
909719093, 
942684468, 
956964908, 
876032564, 
808466231, 
940187692, 
825635380, 
825438768, 
956964908, 
942747700, 
842610231, 
940187692, 
842610736, 
825701428, 
940187692, 
959920176, 
859125299, 
956964908, 
909719093, 
942684468, 
940187692, 
825635385, 
808859956, 
940187692, 
825504313, 
926169143, 
956964908, 
909719093, 
942684468, 
956964908, 
825702704, 
859385913, 
956964908, 
943075892, 
943076404, 
956964908, 
909719093, 
942684468, 
940187692, 
858797623, 
875967794, 
940187692, 
909391920, 
825438774, 
956964908, 
942747700, 
842610231, 
940187692, 
859190578, 
808989493, 
940187692, 
859059506, 
943077176, 
956964908, 
909719093, 
942684468, 
956964908, 
876032564, 
808466231, 
940187692, 
825635380, 
825438768, 
956964908, 
942747700, 
842610231, 
940187692, 
825635380, 
909326128, 
940187692, 
808924466, 
942814257, 
956964908, 
942747700, 
842610231, 
956964908, 
842610997, 
909586736, 
940187692, 
842086709, 
960049717, 
956964908, 
909719093, 
942684468, 
956964908, 
825702704, 
859385913, 
956964908, 
943075892, 
943076404, 
956964908, 
942747700, 
842610231, 
940187692, 
859190578, 
892875573, 
940187692, 
892876848, 
909457721, 
956964908, 
942747700, 
842610231, 
940187692, 
808793394, 
858862388, 
956964908, 
909194802, 
859058489, 
956964908, 
909719093, 
942684468, 
956964908, 
825702704, 
859385913, 
956964908, 
943075892, 
943076404, 
956964908, 
909719093, 
942684468, 
940187692, 
808924466, 
875575090, 
940187692, 
942881077, 
858863925, 
956964908, 
909719093, 
942684468, 
956964908, 
925905716, 
842610741, 
956964908, 
925905716, 
875574326, 
956964908, 
909719093, 
942684468, 
956964908, 
825702704, 
859385913, 
956964908, 
943075892, 
943076404, 
956964908, 
942747700, 
842610231, 
940187692, 
959920181, 
858928695, 
940187692, 
909718839, 
876164919, 
956964908, 
942747700, 
842610231, 
956964908, 
959658288, 
808597809, 
940187692, 
859059506, 
876033848, 
956964908, 
909719093, 
942684468, 
956964908, 
876032564, 
808466231, 
940187692, 
825635380, 
825438768, 
956964908, 
942747700, 
842610231, 
940187692, 
959527221, 
943142192, 
940187692, 
943274032, 
859386937, 
956964908, 
942747700, 
842610231, 
940187692, 
892352821, 
909129017, 
956964908, 
925905716, 
909586743, 
956964908, 
909719093, 
942684468, 
956964908, 
825702704, 
859385913, 
956964908, 
943075892, 
943076404, 
956964908, 
909719093, 
942684468, 
940187692, 
858797623, 
875967794, 
940187692, 
909391920, 
825438774, 
956964908, 
942747700, 
842610231, 
940187692, 
859190578, 
808989493, 
940187692, 
859059506, 
943077176, 
956964908, 
909719093, 
942684468, 
956964908, 
876032564, 
808466231, 
940187692, 
825635380, 
825438768, 
956964908, 
942747700, 
842610231, 
940187692, 
859190578, 
808989493, 
956964908, 
842217776, 
942813494, 
956964908, 
942747700, 
842610231, 
940187692, 
842610736, 
909521972, 
956964908, 
825766452, 
926233140, 
956964908, 
909719093, 
942684468, 
956964908, 
876032564, 
808466231, 
940187692, 
825635380, 
825438768, 
956964908, 
909719093, 
942684468, 
940187692, 
825635380, 
926497072, 
956964908, 
943012144, 
909326134, 
956964908, 
942747700, 
842610231, 
940187692, 
942682676, 
959461174, 
956964908, 
875573302, 
925972281, 
956964908, 
909719093, 
942684468, 
956964908, 
825702704, 
859385913, 
956964908, 
943075892, 
943076404, 
956964908, 
909719093, 
942684468, 
940187692, 
808924466, 
875575090, 
940187692, 
942881077, 
858863925, 
956964908, 
909719093, 
942684468, 
956964908, 
925905716, 
842610741, 
956964908, 
925905716, 
875574326, 
956964908, 
909719093, 
942684468, 
956964908, 
876032564, 
808466231, 
940187692, 
825635380, 
825438768, 
956964908, 
942747700, 
842610231, 
940187692, 
959527221, 
943142192, 
940187692, 
926429753, 
859256117, 
956964908, 
942747700, 
842610231, 
940187692, 
926429753, 
942946358, 
956964908, 
892614960, 
825374519, 
956964908, 
909719093, 
942684468, 
956964908, 
876032564, 
808466231, 
940187692, 
825635380, 
825438768, 
956964908, 
942747700, 
842610231, 
940187692, 
959920176, 
876163891, 
940187692, 
909654069, 
943207218, 
956964908, 
909719093, 
942684468, 
956964908, 
959527216, 
842020916, 
940187692, 
892352821, 
959984696, 
956964908, 
909719093, 
942684468, 
956964908, 
825702704, 
859385913, 
956964908, 
943075892, 
943076404, 
956964908, 
909719093, 
942684468, 
940187692, 
808924466, 
875575090, 
940187692, 
942881077, 
858863925, 
956964908, 
909719093, 
942684468, 
956964908, 
925905716, 
842610741, 
956964908, 
925905716, 
875574326, 
956964908, 
909719093, 
942684468, 
956964908, 
825702704, 
859385913, 
956964908, 
943075892, 
943076404, 
956964908, 
942747700, 
842610231, 
940187692, 
842610736, 
909521972, 
940187692, 
926233911, 
809054261, 
956964908, 
942747700, 
842610231, 
956964908, 
943206964, 
926363697, 
940187692, 
909654069, 
892483891, 
956964908, 
909719093, 
942684468, 
956964908, 
825702704, 
859385913, 
956964908, 
943075892, 
943076404, 
956964908, 
909719093, 
942684468, 
956964908, 
809055538, 
909195061, 
940187692, 
825635380, 
825505584, 
956964908, 
909719093, 
942684468, 
956964908, 
809055538, 
909195061, 
940187692, 
926233911, 
909259572, 
956964908, 
909719093, 
942684468, 
956964908, 
825702704, 
859385913, 
956964908, 
943075892, 
943076404, 
956964908, 
909719093, 
942684468, 
940187692, 
808924466, 
875575090, 
940187692, 
942881077, 
858863925, 
956964908, 
909719093, 
942684468, 
956964908, 
925905716, 
842610741, 
956964908, 
925905716, 
875574326, 
956964908, 
909719093, 
942684468, 
956964908, 
876032564, 
808466231, 
940187692, 
825635380, 
825438768, 
956964908, 
942747700, 
842610231, 
956964908, 
842610997, 
825766192, 
940187692, 
842610741, 
892941880, 
956964908, 
942747700, 
842610231, 
956964908, 
825702704, 
959658040, 
940187692, 
909194807, 
959527220, 
956964908, 
909719093, 
942684468, 
956964908, 
876032564, 
808466231, 
940187692, 
825635380, 
825438768, 
956964908, 
909719093, 
942684468, 
956964908, 
892746037, 
943206968, 
940187692, 
959789104, 
959461431, 
956964908, 
942747700, 
842610231, 
940187692, 
892352821, 
909129017, 
940187692, 
858797623, 
942946355, 
956964908, 
909719093, 
942684468, 
956964908, 
825702704, 
859385913, 
956964908, 
943075892, 
943076404, 
956964908, 
909719093, 
942684468, 
940187692, 
858797623, 
875967794, 
940187692, 
909391920, 
825438774, 
956964908, 
942747700, 
842610231, 
940187692, 
859190578, 
808989493, 
940187692, 
859059506, 
943077176, 
956964908, 
909719093, 
942684468, 
956964908, 
876032564, 
808466231, 
940187692, 
825635380, 
825438768, 
956964908, 
942747700, 
842610231, 
956964908, 
842348853, 
825373239, 
956964908, 
875639604, 
842608946, 
956964908, 
942747700, 
842610231, 
956964908, 
926036788, 
842215476, 
940187692, 
942881077, 
926103862, 
956964908, 
909719093, 
942684468, 
956964908, 
876032564, 
808466231, 
940187692, 
825635380, 
825438768, 
956964908, 
942747700, 
842610231, 
940187692, 
892547641, 
825374770, 
956964908, 
842086704, 
925970489, 
956964908, 
909719093, 
942684468, 
956964908, 
809055538, 
909195061, 
956964908, 
943012144, 
859060022, 
956964908, 
909719093, 
942684468, 
956964908, 
825702704, 
859385913, 
956964908, 
943075892, 
943076404, 
956964908, 
909719093, 
942684468, 
940187692, 
808924466, 
875575090, 
940187692, 
942881077, 
858863925, 
956964908, 
909719093, 
942684468, 
956964908, 
925905716, 
842610741, 
956964908, 
925905716, 
875574326, 
956964908, 
909719093, 
942684468, 
956964908, 
825702704, 
859385913, 
956964908, 
943075892, 
943076404, 
956964908, 
942747700, 
842610231, 
940187692, 
959920181, 
858928695, 
940187692, 
909718839, 
876164919, 
956964908, 
942747700, 
842610231, 
956964908, 
959658288, 
808597809, 
940187692, 
859059506, 
876033848, 
956964908, 
909719093, 
942684468, 
956964908, 
876032564, 
808466231, 
940187692, 
825635380, 
825438768, 
956964908, 
942747700, 
842610231, 
940187692, 
959527221, 
943142192, 
940187692, 
943274032, 
859386937, 
956964908, 
942747700, 
842610231, 
940187692, 
892352821, 
909129017, 
956964908, 
925905716, 
909586743, 
956964908, 
909719093, 
942684468, 
956964908, 
825702704, 
859385913, 
956964908, 
943075892, 
943076404, 
956964908, 
909719093, 
942684468, 
940187692, 
858797623, 
875967794, 
940187692, 
909391920, 
825438774, 
956964908, 
942747700, 
842610231, 
940187692, 
859190578, 
808989493, 
940187692, 
859059506, 
943077176, 
956964908, 
909719093, 
942684468, 
956964908, 
876032564, 
808466231, 
940187692, 
825635380, 
825438768, 
956964908, 
942747700, 
842610231, 
940187692, 
959527221, 
943142192, 
940187692, 
943274032, 
859386937, 
956964908, 
909719093, 
942684468, 
940187692, 
825373236, 
909588279, 
956964908, 
825766452, 
876164147, 
956964908, 
909719093, 
942684468, 
956964908, 
876032564, 
808466231, 
940187692, 
825635380, 
825438768, 
956964908, 
942747700, 
842610231, 
940187692, 
825635380, 
909326128, 
956964908, 
842348848, 
842479921, 
956964908, 
909719093, 
942684468, 
940187692, 
909587762, 
842347574, 
956964908, 
858928690, 
808726835, 
956964908, 
909719093, 
942684468, 
956964908, 
825702704, 
859385913, 
956964908, 
943075892, 
943076404, 
956964908, 
909719093, 
942684468, 
940187692, 
858797623, 
875967794, 
940187692, 
909391920, 
825438774, 
956964908, 
942747700, 
842610231, 
940187692, 
859190578, 
808989493, 
940187692, 
859059506, 
943077176, 
956964908, 
909719093, 
942684468, 
956964908, 
825702704, 
859385913, 
956964908, 
943075892, 
943076404, 
956964908, 
942747700, 
842610231, 
940187692, 
859190578, 
808989493, 
956964908, 
959723058, 
842477623, 
956964908, 
909719093, 
942684468, 
956964908, 
825242420, 
875835698, 
956964908, 
842217776, 
875770166, 
956964908, 
909719093, 
942684468, 
956964908, 
876032564, 
808466231, 
940187692, 
825635380, 
825438768, 
956964908, 
942747700, 
842610231, 
956964908, 
943075892, 
909588018, 
956964908, 
909392181, 
876032305, 
956964908, 
909719093, 
942684468, 
940187692, 
926233911, 
842019635, 
956964908, 
926496050, 
825766450, 
956964908, 
909719093, 
942684468, 
956964908, 
825702704, 
859385913, 
956964908, 
943075892, 
943076404, 
956964908, 
909719093, 
942684468, 
940187692, 
808924466, 
875575090, 
940187692, 
942881077, 
858863925, 
956964908, 
909719093, 
942684468, 
956964908, 
925905716, 
842610741, 
956964908, 
925905716, 
875574326, 
956964908, 
909719093, 
942684468, 
956964908, 
825702704, 
859385913, 
956964908, 
943075892, 
943076404, 
956964908, 
942747700, 
842610231, 
940187692, 
842610736, 
909521972, 
940187692, 
926233911, 
809054261, 
956964908, 
942747700, 
842610231, 
956964908, 
943206964, 
926363697, 
940187692, 
909654069, 
892483891, 
956964908, 
909719093, 
942684468, 
956964908, 
825702704, 
859385913, 
956964908, 
943075892, 
943076404, 
956964908, 
909719093, 
942684468, 
956964908, 
809055538, 
909195061, 
940187692, 
825635380, 
825505584, 
956964908, 
909719093, 
942684468, 
956964908, 
809055538, 
909195061, 
940187692, 
926233911, 
909259572, 
956964908, 
909719093, 
942684468, 
956964908, 
825702704, 
859385913, 
956964908, 
943075892, 
943076404, 
956964908, 
909719093, 
942684468, 
940187692, 
858797623, 
875967794, 
940187692, 
909391920, 
825438774, 
956964908, 
942747700, 
842610231, 
940187692, 
859190578, 
808989493, 
940187692, 
859059506, 
943077176, 
956964908, 
909719093, 
942684468, 
956964908, 
876032564, 
808466231, 
940187692, 
825635380, 
825438768, 
956964908, 
942747700, 
842610231, 
956964908, 
842348853, 
825373239, 
956964908, 
875639604, 
842608946, 
956964908, 
942747700, 
842610231, 
956964908, 
842282546, 
859125561, 
940187692, 
892483893, 
925970742, 
956964908, 
909719093, 
942684468, 
956964908, 
876032564, 
808466231, 
940187692, 
825635380, 
825438768, 
956964908, 
942747700, 
842610231, 
956964908, 
842282546, 
859125561, 
956964908, 
876163636, 
943010614, 
956964908, 
909719093, 
942684468, 
940187692, 
825635385, 
808859956, 
940187692, 
926102834, 
959526196, 
956964908, 
909719093, 
942684468, 
956964908, 
825702704, 
859385913, 
956964908, 
943075892, 
943076404, 
956964908, 
909719093, 
942684468, 
940187692, 
942747700, 
842610231, 
956964908, 
876032564, 
808466231, 
940187692, 
825635380, 
825438768, 
956964908, 
909719093, 
942684468, 
940187692, 
858797623, 
875967794, 
940187692, 
909391920, 
825438774, 
956964908, 
942747700, 
842610231, 
940187692, 
859190578, 
808989493, 
940187692, 
859059506, 
943077176, 
956964908, 
909719093, 
942684468, 
956964908, 
825702704, 
859385913, 
956964908, 
943075892, 
943076404, 
956964908, 
942747700, 
842610231, 
940187692, 
959920181, 
858928695, 
940187692, 
909718839, 
876164919, 
956964908, 
942747700, 
842610231, 
956964908, 
959658288, 
808597809, 
940187692, 
859059506, 
876033848, 
956964908, 
909719093, 
942684468, 
956964908, 
876032564, 
808466231, 
940187692, 
825635380, 
825438768, 
956964908, 
942747700, 
842610231, 
940187692, 
959527221, 
943142192, 
940187692, 
943274032, 
859386937, 
956964908, 
942747700, 
842610231, 
940187692, 
892352821, 
909129017, 
956964908, 
925905716, 
909586743, 
956964908, 
909719093, 
942684468, 
956964908, 
825702704, 
859385913, 
956964908, 
943075892, 
943076404, 
956964908, 
909719093, 
942684468, 
940187692, 
808924466, 
875575090, 
940187692, 
942881077, 
858863925, 
956964908, 
909719093, 
942684468, 
956964908, 
925905716, 
842610741, 
956964908, 
925905716, 
875574326, 
956964908, 
909719093, 
942684468, 
956964908, 
876032564, 
808466231, 
940187692, 
825635380, 
825438768, 
956964908, 
942747700, 
842610231, 
956964908, 
842610997, 
825766192, 
940187692, 
842610741, 
892941880, 
956964908, 
942747700, 
842610231, 
956964908, 
825702704, 
959658040, 
940187692, 
909194807, 
959527220, 
956964908, 
909719093, 
942684468, 
956964908, 
876032564, 
808466231, 
940187692, 
825635380, 
825438768, 
956964908, 
909719093, 
942684468, 
663596, 
0, 
0, 
0, 
108049, 
0, 
0, 
0, 
0, 
0, 
0, 
0, 
0, 
0, 
0, 
0, 
0, 
0, 
0, 
0, 
0, 
0, 
0, 
0, 
0, 
0, 
0, 
0, 
0, 
0, 
0, 
0, 
0, 
0, 
0, 
0, 
0, 
0, 
0, 
0, 
0, 
0, 
0, 
0, 
0, 
0, 
0, 
0, 
0, 
0, 
0, 
0, 
0, 
0, 
0, 
0, 
0, 
0, 
0, 
0, 
0, 
0, 
0, 
0, 
0, 
0, 
0, 
0, 
0, 
0, 
0, 
0, 
0, 
0, 
0, 
0, 
0, 
0, 
0, 
0, 
0, 
0, 
0, 
0, 
0, 
0, 
0, 
0, 
0, 
0, 
0, 
0, 
0, 
0, 
0, 
0, 
0, 
0, 
0, 
0, 
0, 
0, 
0, 
0, 
0, 
0, 
0, 
0, 
0, 
0, 
0, 
0, 
0, 
0, 
0, 
0, 
0, 
0, 
0, 
0, 
0, 
0, 
0, 
0, 
0, 
0, 
0, 
0, 
0, 
0, 
0, 
0, 
0, 
0, 
0, 
0, 
0, 
0, 
0, 
0, 
0, 
0, 
0, 
0, 
0, 
0, 
0, 
0, 
0, 
0, 
0, 
0, 
0, 
0, 
0, 
0, 
0, 
0, 
0, 
0, 
0, 
0, 
0, 
0, 
0, 
0, 
0, 
0, 
0, 
0, 
0, 
0, 
0, 
0, 
0, 
0, 
0, 
0, 
0, 
0, 
0, 
0, 
0, 
0, 
0, 
0, 
0, 
0, 
0, 
0, 
0, 
0, 
0, 
0, 
0, 
0, 
0, 
0, 
0, 
0, 
0, 
0, 
0, 
0, 
0, 
0, 
0, 
0, 
0, 
0, 
0, 
0, 
0, 
0, 
0, 
0, 
0, 
0, 
0, 
0, 
0, 
0, 
0, 
0, 
0, 
0, 
0, 
0, 
0, 
0, 
0, 
0, 
0, 
0, 
0, 
0, 
0, 
0, 
0, 
0, 
0, 
0, 
0, 
0, 
0, 
0, 
0, 
0, 
0, 
0, 
0, 
0, 
0, 
0, 
0, 
0, 
0, 
0, 
0, 
0, 
0, 
0, 
0, 
0, 
0, 
0, 
0, 
0, 
0, 
0, 
0, 
0, 
0, 
0, 
0, 
0, 
0, 
0, 
0, 
0, 
0, 
0, 
0, 
0, 
0, 
0, 
0, 
0, 
0, 
0, 
0, 
0, 
0, 
0, 
0, 
0, 
0, 
0, 
0, 
0, 
0, 
0, 
0, 
0, 
0, 
0, 
0, 
0, 
0, 
0, 
0, 
0, 
0, 
0, 
0, 
0, 
0, 
0, 
0, 
0, 
0, 
0, 
0, 
0, 
0, 
0, 
0, 
0, 
0, 
0, 
0, 
0, 
0, 
0, 
0, 
0, 
0, 
0, 
0, 
0, 
0, 
0, 
0, 
0, 
0, 
0, 
0, 
0, 
0, 
0, 
0, 
0, 
0, 
0, 
0, 
0, 
0, 
0, 
0, 
0, 
0, 
0, 
0, 
0, 
0, 
0, 
0, 
0, 
0, 
0, 
0, 
0, 
0, 
0, 
0, 
0, 
0, 
0, 
0, 
0, 
0, 
0, 
0, 
0, 
0, 
0, 
0, 
0, 
0, 
0, 
0, 
0, 
0, 
0, 
0, 
0, 
0, 
0, 
0, 
0, 
0, 
0, 
0, 
0, 
0, 
0, 
0, 
0, 
0, 
0, 
0, 
0, 
0, 
0, 
0, 
0, 
0, 
0, 
0, 
0, 
0, 
0, 
0, 
0, 
0, 
0, 
0, 
0, 
0, 
0, 
0, 
0, 
0, 
0, 
0, 
0, 
0, 
0, 
0, 
0, 
0, 
0, 
0, 
0, 
0, 
0, 
0, 
0, 
0, 
0, 
0, 
0, 
0, 
0, 
0, 
0, 
0, 
0, 
0, 
0, 
0, 
0, 
0, 
0, 
0, 
0, 
0, 
0, 
0, 
0, 
0, 
0, 
0, 
0, 
0, 
0, 
0, 
0, 
0, 
0, 
0, 
0, 
0, 
0, 
0, 
0, 
0, 
0, 
0, 
0, 
0, 
0, 
0, 
0, 
0, 
0, 
0, 
0, 
0, 
0, 
0, 
0, 
0, 
0, 
0, 
0, 
0, 
0, 
0, 
0, 
0, 
0, 
0, 
0, 
0, 
0, 
0, 
0, 
0, 
0, 
0, 
0, 
0, 
0, 
0, 
0, 
0, 
0, 
0, 
0, 
0, 
0, 
0, 
0, 
0, 
0, 
0, 
0, 
0, 
0, 
0, 
0, 
0, 
0, 
0, 
0, 
0, 
0, 
0, 
0, 
0, 
0, 
0, 
0, 
0, 
0, 
0, 
0, 
0, 
0, 
0, 
0, 
0, 
0, 
0, 
0, 
0, 
0, 
0, 
0, 
0, 
0, 
0, 
0, 
0, 
0, 
0, 
0, 
0, 
0, 
0, 
0, 
0, 
0, 
0, 
0, 
0, 
0, 
0, 
0, 
0, 
0, 
0, 
0, 
0, 
0, 
0, 
0, 
0, 
0, 
0, 
0, 
0, 
0, 
0, 
0, 
0, 
0, 
0, 
0, 
0, 
0, 
0, 
0, 
0, 
0, 
0, 
0, 
0, 
0, 
0, 
0, 
0, 
0, 
0, 
0, 
0, 
0, 
0, 
0, 
0, 
0, 
0, 
0, 
0, 
0, 
0, 
0, 
0, 
0, 
0, 
0, 
0, 
0, 
0, 
0, 
0, 
0, 
0, 
0, 
0, 
0, 
0, 
0, 
0, 
0, 
0, 
0, 
0, 
0, 
0, 
0, 
0, 
0, 
0, 
0, 
0, 
0, 
0, 
0, 
0, 
0, 
0, 
0, 
0, 
0, 
0, 
0, 
0, 
0, 
0, 
0, 
0, 
0, 
0, 
0, 
0, 
0, 
0, 
0, 
0, 
0, 
0, 
0, 
0, 
0, 
0, 
0, 
0, 
0, 
0, 
0, 
0, 
0, 
0, 
0, 
0, 
0, 
0, 
0, 
0, 
0, 
0, 
0, 
0, 
0, 
0, 
0, 
0, 
0, 
0, 
0, 
0, 
0, 
0, 
0, 
0, 
0, 
0, 
0, 
0, 
0, 
0, 
0, 
0, 
0, 
0, 
0, 
0, 
0, 
0, 
0, 
0, 
0, 
0, 
0, 
0, 
0, 
0, 
0, 
0, 
0, 
0, 
0, 
0, 
0, 
0, 
0, 
0, 
0, 
0, 
0, 
0, 
0, 
0, 
0, 
0, 
0, 
0, 
0, 
0, 
0, 
0, 
0, 
0, 
0, 
0, 
0, 
0, 
0, 
0, 
0, 
0, 
0, 
0, 
0, 
0, 
0, 
0, 
0, 
0, 
0, 
0, 
0, 
0, 
0, 
0, 
0, 
0, 
0, 
0, 
0, 
0, 
0, 
0, 
0, 
0, 
0, 
0, 
0, 
0, 
0, 
0, 
0, 
0, 
0, 
0, 
0, 
0, 
0, 
0, 
0, 
0, 
0, 
0, 
0, 
0, 
0, 
0, 
0, 
0, 
0, 
0, 
0, 
0, 
0, 
0, 
0, 
0, 
0, 
0, 
0, 
0, 
0, 
0, 
0, 
0, 
0, 
0, 
0, 
0, 
0, 
0, 
0, 
0, 
0, 
0, 
0, 
0, 
0, 
0, 
0, 
0, 
0, 
0, 
0, 
0, 
0, 
0, 
0, 
0, 
0, 
0, 
0, 
0, 
0, 
0, 
0, 
0, 
0, 
0, 
0, 
0, 
0, 
0, 
0, 
0, 
0, 
0, 
0, 
0, 
0, 
0, 
0, 
0, 
0, 
0, 
0, 
0, 
0, 
0, 
0, 
0, 
0, 
0, 
0, 
0, 
0, 
0, 
0, 
0, 
0, 
0, 
0, 
0, 
0, 
0, 
0, 
0, 
0, 
0, 
0, 
0, 
0, 
0, 
0, 
0, 
0, 
0, 
0, 
0, 
0, 
0, 
0, 
0, 
0, 
0, 
0, 
0, 
0, 
0, 
0, 
0, 
0, 
0, 
0, 
0, 
0, 
0, 
0, 
0, 
0, 
0, 
0, 
0, 
0, 
0, 
0, 
0, 
0, 
0, 
0, 
0, 
0, 
0, 
0, 
0, 
0, 
0, 
0, 
0, 
0, 
0, 
0, 
0, 
0, 
0, 
0, 
0, 
0, 
0, 
0, 
0, 
0, 
0, 
0, 
0, 
0, 
0, 
0, 
0, 
0, 
0, 
0, 
0, 
0, 
0, 
0, 
0, 
0, 
0, 
0, 
0, 
0, 
0, 
0, 
0, 
0, 
0, 
0, 
0, 
0, 
0, 
0, 
0, 
0, 
0, 
0, 
0, 
0, 
0, 
0, 
0, 
0, 
0, 
0, 
0, 
0, 
0, 
0, 
0, 
0, 
0, 
0, 
0, 
0, 
0, 
0, 
0, 
0, 
0, 
0, 
0, 
0, 
0, 
0, 
0, 
0, 
0, 
0, 
0, 
0, 
0, 
0, 
0, 
0, 
0, 
0, 
0, 
0, 
0, 
0, 
0, 
0, 
0, 
0, 
0, 
0, 
0, 
0, 
0, 
0, 
0, 
0, 
0, 
0, 
0, 
0, 
0, 
0, 
0, 
0, 
0, 
0, 
0, 
0, 
0, 
0, 
0, 
0, 
0, 
0, 
0, 
0, 
0, 
0, 
0, 
0, 
0, 
0, 
0, 
0, 
0, 
0, 
0, 
0, 
0, 
0, 
0, 
0, 
0, 
0, 
0, 
0, 
0, 
0, 
0, 
0, 
0, 
0, 
0, 
0, 
0, 
0, 
0, 
0, 
0, 
0, 
0, 
0, 
0, 
0, 
0, 
0, 
0, 
0, 
0, 
0, 
0, 
0, 
0, 
0, 
0, 
0, 
0, 
0, 
0, 
0, 
0, 
0, 
0, 
0, 
0, 
0, 
0, 
0, 
0, 
0, 
0, 
0, 
0, 
0, 
0, 
0, 
0, 
0, 
0, 
0, 
0, 
0, 
0, 
0, 
0, 
0, 
0, 
0, 
0, 
0, 
0, 
0, 
0, 
0, 
0, 
0, 
0, 
0, 
0, 
0, 
0, 
0, 
0, 
0, 
0, 
0, 
0, 
0, 
0, 
0, 
0, 
0, 
0, 
0, 
0, 
0, 
0, 
0, 
0, 
0, 
0, 
0, 
0, 
0, 
0, 
0, 
0, 
0, 
0, 
0, 
0, 
0, 
0, 
0, 
0, 
0, 
0, 
0, 
0, 
0, 
0, 
0, 
0, 
0, 
0, 
0, 
0, 
0, 
0, 
0, 
0, 
0, 
0, 
0, 
0, 
0, 
0, 
0, 
0, 
0, 
0, 
0, 
0, 
0, 
0, 
0, 
0, 
0, 
0, 
0, 
0, 
0, 
0, 
0, 
0, 
0, 
0, 
0, 
0, 
0, 
0, 
0, 
0, 
0, 
0, 
0, 
0, 
0, 
0, 
0, 
0, 
0, 
0, 
0, 
0, 
0, 
0, 
0, 
0, 
0, 
0, 
0, 
0, 
0, 
0, 
0, 
0, 
0, 
0, 
0, 
0, 
0, 
0, 
0, 
0, 
0, 
0, 
0, 
0, 
0, 
0, 
0, 
0, 
0, 
0, 
0, 
0, 
0, 
0, 
0, 
0, 
0, 
0, 
0, 
0, 
0, 
0, 
0, 
0, 
0, 
0, 
0, 
0, 
0, 
0, 
0, 
0, 
0, 
0, 
0, 
0, 
0, 
0, 
0, 
0, 
0, 
0, 
0, 
0, 
0, 
0, 
0, 
0, 
0, 
0, 
0, 
0, 
0, 
0, 
0, 
0, 
0, 
0, 
0, 
0, 
0, 
0, 
0, 
0, 
0, 
0, 
0, 
0, 
0, 
0, 
0, 
0, 
0, 
0, 
0, 
0, 
0, 
0, 
0, 
0, 
0, 
0, 
0, 
0, 
0, 
0, 
0, 
0, 
0, 
0, 
0, 
0, 
0, 
0, 
0, 
0, 
0, 
0, 
0, 
0, 
0, 
0, 
0, 
0, 
0, 
0, 
0, 
0, 
0, 
0, 
0, 
0, 
0, 
0, 
0, 
0, 
0, 
0, 
0, 
0, 
0, 
0, 
0, 
0, 
0, 
0, 
0, 
0, 
0, 
0, 
0, 
0, 
0, 
0, 
0, 
0, 
0, 
0, 
0, 
0, 
0, 
0, 
0, 
0, 
0, 
0, 
0, 
0, 
0, 
0, 
0, 
0, 
0, 
0, 
0, 
0, 
0, 
0, 
0, 
0, 
0, 
0, 
0, 
0, 
0, 
0, 
0, 
0, 
0, 
0, 
0, 
0, 
0, 
0, 
0, 
0, 
0, 
0, 
0, 
0, 
0, 
0, 
0, 
0, 
0, 
0, 
0, 
0, 
0, 
0, 
0, 
0, 
0, 
0, 
0, 
0, 
0, 
0, 
0, 
0, 
0, 
0, 
0, 
0, 
0, 
0, 
0, 
0, 
0, 
0, 
0, 
0, 
0, 
0, 
0, 
0, 
0, 
0, 
0, 
0, 
0, 
0, 
0, 
0, 
0, 
0, 
0, 
0, 
0, 
0, 
0, 
0, 
0, 
0, 
0, 
0, 
0, 
0, 
0, 
0, 
0, 
0, 
0, 
0, 
0, 
0, 
0, 
0, 
0, 
0, 
0, 
0, 
0, 
0, 
0, 
0, 
0, 
0, 
0, 
0, 
0, 
0, 
0, 
0, 
0, 
0, 
0, 
0, 
0, 
0, 
0, 
0, 
0, 
0, 
0, 
0, 
0, 
0, 
0, 
0, 
0, 
0, 
0, 
0, 
0, 
0, 
0, 
0, 
0, 
0, 
0, 
0, 
0, 
0, 
0, 
0, 
0, 
0, 
0, 
0, 
0, 
0, 
0, 
0, 
0, 
0, 
0, 
0, 
0, 
0, 
0, 
0, 
0, 
0, 
0, 
0, 
0, 
0, 
0, 
0, 
0, 
0, 
0, 
0, 
0, 
0, 
0, 
0, 
0, 
0, 
0, 
0, 
0, 
0, 
0, 
0, 
0, 
0, 
0, 
0, 
0, 
0, 
0, 
0, 
0, 
0, 
0, 
0, 
0, 
0, 
0, 
0, 
0, 
0, 
0, 
0, 
0, 
0, 
0, 
0, 
0, 
0, 
0, 
0, 
0, 
0, 
0, 
0, 
0, 
0, 
0, 
0, 
0, 
0, 
0, 
0, 
0, 
0, 
0, 
0, 
0, 
0, 
0, 
0, 
0, 
0, 
0, 
0, 
0, 
0, 
0, 
0, 
0, 
0, 
0, 
0, 
0, 
0, 
0, 
0, 
0, 
0, 
0, 
0, 
0, 
0, 
0, 
0, 
0, 
0, 
0, 
0, 
0, 
0, 
0, 
0, 
0, 
0, 
0, 
0, 
0, 
0, 
0, 
0, 
0, 
0, 
0, 
0, 
0, 
0, 
0, 
0, 
0, 
0, 
0, 
0, 
0, 
0, 
0, 
0, 
0, 
0, 
0, 
0, 
0, 
0, 
0, 
0, 
0, 
0, 
0, 
0, 
0, 
0, 
0, 
0, 
0, 
0, 
0, 
0, 
0, 
0, 
0, 
0, 
0, 
0, 
0, 
0, 
0, 
0, 
0, 
0, 
0, 
0, 
0, 
0, 
0, 
0, 
0, 
0, 
0, 
0, 
0, 
0, 
0, 
0, 
0, 
0, 
0, 
0, 
0, 
0, 
0, 
0, 
0, 
0, 
0, 
0, 
0, 
0, 
0, 
0, 
0, 
0, 
0, 
0, 
0, 
0, 
0, 
0, 
0, 
0, 
0, 
0, 
0, 
0, 
0, 
0, 
0, 
0, 
0, 
0, 
0, 
0, 
0, 
0, 
0, 
0, 
0, 
0, 
0, 
0, 
0, 
0, 
0, 
0, 
0, 
0, 
0, 
0, 
0, 
0, 
0, 
0, 
0, 
0, 
0, 
0, 
0, 
0, 
0, 
0, 
0, 
0, 
0, 
0, 
0, 
0, 
0, 
0, 
0, 
0, 
0, 
0, 
0, 
0, 
0, 
0, 
0, 
0, 
0, 
0, 
0, 
0, 
0, 
0, 
0, 
0, 
0, 
0, 
0, 
0, 
0, 
0, 
0, 
0, 
0, 
0, 
0, 
0, 
0, 
0, 
0, 
0, 
0, 
0, 
0, 
0, 
0, 
0, 
0, 
0, 
0, 
0, 
0, 
0, 
0, 
0, 
0, 
0, 
0, 
0, 
0, 
0, 
0, 
0, 
0, 
0, 
0, 
0, 
0, 
0, 
0, 
0, 
0, 
0, 
0, 
0, 
0, 
0, 
0, 
0, 
0, 
0, 
0, 
0, 
0, 
0, 
0, 
0, 
0, 
0, 
0, 
0, 
0, 
0, 
0, 
0, 
0, 
0, 
0, 
0, 
0, 
0, 
0, 
0, 
0, 
0, 
0, 
0, 
0, 
0, 
0, 
0, 
0, 
0, 
0, 
0, 
0, 
0, 
0, 
0, 
0, 
0, 
0, 
0, 
0, 
0, 
0, 
0, 
0, 
0, 
0, 
0, 
0, 
0, 
0, 
0, 
0, 
0, 
0, 
0, 
0, 
0, 
0, 
0, 
0, 
0, 
0, 
0, 
0, 
0, 
0, 
0, 
0, 
0, 
0, 
0, 
0, 
0, 
0, 
0, 
0, 
0, 
0, 
0, 
0, 
0, 
0, 
0, 
0, 
0, 
0, 
0, 
0, 
0, 
0, 
0, 
0, 
0, 
0, 
0, 
0, 
0, 
0, 
0, 
0, 
0, 
0, 
0, 
0, 
0, 
0, 
0, 
0, 
0, 
0, 
0, 
0, 
0, 
0, 
0, 
0, 
0, 
0, 
0, 
0, 
0, 
0, 
0, 
0, 
0, 
0, 
0, 
0, 
0, 
0, 
0, 
0, 
0, 
0, 
0, 
0, 
0, 
0, 
0, 
0, 
0, 
0, 
0, 
0, 
0, 
0, 
0, 
0, 
0, 
0, 
0, 
0, 
0, 
0, 
0, 
0, 
0, 
0, 
0, 
0, 
0, 
0, 
0, 
0, 
0, 
0, 
0, 
0, 
0, 
0, 
0, 
0, 
0, 
0, 
0, 
0, 
0, 
0, 
0, 
0, 
0, 
0, 
0, 
0, 
0, 
0, 
0, 
0, 
0, 
0, 
0, 
0, 
0, 
0, 
0, 
0, 
0, 
0, 
0, 
0, 
0, 
0, 
0, 
0, 
0, 
0, 
0, 
0, 
0, 
0, 
0, 
0, 
0, 
0, 
0, 
0, 
0, 
0, 
0, 
0, 
0, 
0, 
0, 
0, 
0, 
0, 
0, 
0, 
0, 
0, 
0, 
0, 
0, 
0, 
0, 
0, 
0, 
0, 
0, 
0, 
0, 
0, 
0, 
0, 
0, 
0, 
0, 
0, 
0, 
0, 
0, 
0, 
0, 
0, 
0, 
0, 
0, 
0, 
0, 
0, 
0, 
0, 
0, 
0, 
0, 
0, 
0, 
0, 
0, 
0, 
0, 
0, 
0, 
0, 
0, 
0, 
0, 
0, 
0, 
0, 
0, 
0, 
0, 
0, 
0, 
0, 
0, 
0, 
0, 
0, 
0, 
0, 
0, 
0, 
0, 
0, 
0, 
0, 
0, 
0, 
0, 
0, 
0, 
0, 
0, 
0, 
0, 
0, 
0, 
0, 
0, 
0, 
0, 
0, 
0, 
0, 
0, 
0, 
0, 
0, 
0, 
0, 
0, 
0, 
0, 
0, 
0, 
0, 
0, 
0, 
0, 
0, 
0, 
0, 
0, 
0, 
0, 
0, 
0, 
0, 
0, 
0, 
0, 
0, 
0, 
0, 
0, 
0, 
0, 
0, 
0, 
0, 
0, 
0, 
0, 
0, 
0, 
0, 
0, 
0, 
0, 
0, 
0, 
0, 
0, 
0, 
0, 
0, 
0, 
0, 
0, 
0, 
0, 
0, 
0, 
0, 
0, 
0, 
0, 
0, 
0, 
0, 
0, 
0, 
0, 
0, 
0, 
0, 
0, 
0, 
0, 
0, 
0, 
0, 
0, 
0, 
0, 
0, 
0, 
0, 
0, 
0, 
0, 
0, 
0, 
0, 
0, 
0, 
0, 
0, 
0, 
0, 
0, 
0, 
0, 
0, 
0, 
0, 
0, 
0, 
0, 
0, 
0, 
0, 
0, 
0, 
0, 
0, 
0, 
0, 
0, 
0, 
0, 
0, 
0, 
0, 
0, 
0, 
0, 
0, 
0, 
0, 
0, 
0, 
0, 
0, 
0, 
0, 
0, 
0, 
0, 
0, 
0, 
0, 
0, 
0, 
0, 
0, 
0, 
0, 
0, 
0, 
0, 
0, 
0, 
0, 
0, 
0, 
0, 
0, 
0, 
0, 
0, 
0, 
0, 
0, 
0, 
0, 
0, 
0, 
0, 
0, 
0, 
0, 
0, 
0, 
0, 
0, 
0, 
0, 
0, 
0, 
0, 
0, 
0, 
0, 
0, 
0, 
0, 
0, 
0, 
0, 
0, 
0, 
0, 
0, 
0, 
0, 
0, 
0, 
0, 
0, 
0, 
0, 
0, 
0, 
0, 
0, 
0, 
0, 
0, 
0, 
0, 
0, 
0, 
0, 
0, 
0, 
0, 
0, 
0, 
0, 
0, 
0, 
0, 
0, 
0, 
0, 
0, 
0, 
0, 
0, 
0, 
0, 
0, 
0, 
0, 
0, 
0, 
0, 
0, 
0, 
0, 
0, 
0, 
0, 
0, 
0, 
0, 
0, 
0, 
0, 
0, 
0, 
0, 
0, 
0, 
0, 
0, 
0, 
0, 
0, 
0, 
0, 
0, 
0, 
0, 
0, 
0, 
0, 
0, 
0, 
0, 
0, 
0, 
0, 
0, 
0, 
0, 
0, 
0, 
0, 
0, 
0, 
0, 
0, 
0, 
0, 
0, 
0, 
0, 
0, 
0, 
0, 
0, 
0, 
0, 
0, 
0, 
0, 
0, 
0, 
0, 
0, 
0, 
0, 
0, 
0, 
0, 
0, 
0, 
0, 
0, 
0, 
0, 
0, 
0, 
0, 
0, 
0, 
0, 
0, 
0, 
0, 
0, 
0, 
0, 
0, 
0, 
0, 
0, 
0, 
0, 
0, 
0, 
0, 
0, 
0, 
0, 
0, 
0, 
0, 
0, 
0, 
0, 
0, 
0, 
0, 
0, 
0, 
0, 
0, 
0, 
0, 
0, 
0, 
0, 
0, 
0, 
0, 
0, 
0, 
0, 
0, 
0, 
0, 
0, 
0, 
0, 
0, 
0, 
0, 
0, 
0, 
0, 
0, 
0, 
0, 
0, 
0, 
0, 
0, 
0, 
0, 
0, 
0, 
0, 
0, 
0, 
0, 
0, 
0, 
0, 
0, 
0, 
0, 
0, 
0, 
0, 
0, 
0, 
0, 
0, 
0, 
0, 
0, 
0, 
0, 
0, 
0, 
0, 
0, 
0, 
0, 
0, 
0, 
0, 
0, 
0, 
0, 
0, 
0, 
0, 
0, 
0, 
0, 
0, 
0, 
0, 
0, 
0, 
0, 
0, 
0, 
0, 
0, 
0, 
0, 
0, 
0, 
0, 
0, 
0, 
0, 
0, 
0, 
0, 
0, 
0, 
0, 
0, 
0, 
0, 
0, 
0, 
0, 
0, 
0, 
0, 
0, 
0, 
0, 
0, 
0, 
0, 
0, 
0, 
0, 
0, 
0, 
0, 
0, 
0, 
0, 
0, 
0, 
0, 
0, 
0, 
0, 
0, 
0, 
0, 
0, 
0, 
0, 
0, 
0, 
0, 
0, 
0, 
0, 
0, 
0, 
0, 
0, 
0, 
0, 
0, 
0, 
0, 
0, 
0, 
0, 
0, 
0, 
0, 
0, 
0, 
0, 
0, 
0, 
0, 
0, 
0, 
0, 
0, 
0, 
0, 
0, 
0, 
0, 
0, 
0, 
0, 
0, 
0, 
0, 
0, 
0, 
0, 
0, 
0, 
0, 
0, 
0, 
0, 
0, 
0, 
0, 
0, 
0, 
0, 
0, 
0, 
0, 
0, 
0, 
0, 
0, 
0, 
0, 
0, 
0, 
0, 
0, 
0, 
0, 
0, 
0, 
0, 
0, 
0, 
0, 
0, 
0, 
0, 
0, 
0, 
0, 
0, 
0, 
0, 
0, 
0, 
0, 
0, 
0, 
0, 
0, 
0, 
0, 
0, 
0, 
0, 
0, 
0, 
0, 
0, 
0, 
0, 
0, 
0, 
0, 
0, 
0, 
0, 
0, 
0, 
0, 
0, 
0, 
0, 
0, 
0, 
0, 
0, 
0, 
0, 
0, 
0, 
0, 
0, 
0, 
0, 
0, 
0, 
0, 
0, 
0, 
0, 
0, 
0, 
0, 
0, 
0, 
0, 
0, 
0, 
0, 
0, 
0, 
0, 
0, 
0, 
0, 
0, 
0, 
0, 
0, 
0, 
0, 
0, 
0, 
0, 
0, 
0, 
0, 
0, 
0, 
0, 
0, 
0, 
0, 
0, 
0, 
0, 
0, 
0, 
0, 
0, 
0, 
0, 
0, 
0, 
0, 
0, 
0, 
0, 
0, 
0, 
0, 
0, 
0, 
0, 
0, 
0, 
0, 
0, 
0, 
0, 
0, 
0, 
0, 
0, 
0, 
0, 
0, 
0, 
0, 
0, 
0, 
0, 
0, 
0, 
0, 
0, 
0, 
0, 
0, 
0, 
0, 
0, 
0, 
0, 
0, 
0, 
0, 
0, 
0, 
0, 
0, 
0, 
0, 
0, 
0, 
0, 
0, 
0, 
0, 
0, 
0, 
0, 
0, 
0, 
0, 
0, 
0, 
0, 
0, 
0, 
0, 
0, 
0, 
0, 
0, 
0, 
0, 
0, 
0, 
0, 
0, 
0, 
0, 
0, 
0, 
0, 
0, 
0, 
0, 
0, 
0, 
0, 
0, 
0, 
0, 
0, 
0, 
0, 
0, 
0, 
0, 
0, 
0, 
0, 
0, 
0, 
0, 
0, 
0, 
0, 
0, 
0, 
0, 
0, 
0, 
0, 
0, 
0, 
0, 
0, 
0, 
0, 
0, 
0, 
0, 
0, 
0, 
0, 
0, 
0, 
0, 
0, 
0, 
0, 
0, 
0, 
0, 
0, 
0, 
0, 
0, 
0, 
0, 
0, 
0, 
0, 
0, 
0, 
0, 
0, 
0, 
0, 
0, 
0, 
0, 
0, 
0, 
0, 
0, 
0, 
0, 
0, 
0, 
0, 
0, 
0, 
0, 
0, 
0, 
0, 
0, 
0, 
0, 
0, 
0, 
0, 
0, 
0, 
0, 
0, 
0, 
0, 
0, 
0, 
0, 
0, 
0, 
0, 
0, 
0, 
0, 
0, 
0, 
0, 
0, 
0, 
0, 
0, 
0, 
0, 
0, 
0, 
0, 
0, 
0, 
0, 
0, 
0, 
0, 
0, 
0, 
0, 
0, 
0, 
0, 
0, 
0, 
0, 
0, 
0, 
0, 
0, 
0, 
0, 
0, 
0, 
0, 
0, 
0, 
0, 
0, 
0, 
0, 
0, 
0, 
0, 
0, 
0, 
0, 
0, 
0, 
0, 
0, 
0, 
0, 
0, 
0, 
0, 
0, 
0, 
0, 
0, 
0, 
0, 
0, 
0, 
0, 
0, 
0, 
0, 
0, 
0, 
0, 
0, 
0, 
0, 
0, 
0, 
0, 
0, 
0, 
0, 
0, 
0, 
0, 
0, 
0, 
0, 
0, 
0, 
0, 
0, 
0, 
0, 
0, 
0, 
0, 
0, 
0, 
0, 
0, 
0, 
0, 
0, 
0, 
0, 
0, 
0, 
0, 
0, 
0, 
0, 
0, 
0, 
0, 
0, 
0, 
0, 
0, 
0, 
0, 
0, 
0, 
0, 
0, 
0, 
0, 
0, 
0, 
0, 
0, 
0, 
0, 
0, 
0, 
0, 
0, 
0, 
0, 
0, 
0, 
0, 
0, 
0, 
0, 
0, 
0, 
0, 
0, 
0, 
0, 
0, 
0, 
0, 
0, 
0, 
0, 
0, 
0, 
0, 
0, 
0, 
0, 
0, 
0, 
0, 
0, 
0, 
0, 
0, 
0, 
0, 
0, 
0, 
0, 
0, 
0, 
0, 
0, 
0, 
0, 
0, 
0, 
0, 
0, 
0, 
0, 
0, 
0, 
0, 
0, 
0, 
0, 
0, 
0, 
0, 
0, 
0, 
0, 
0, 
0, 
0, 
0, 
0, 
0, 
0, 
0, 
0, 
0, 
0, 
0, 
0, 
0, 
0, 
0, 
0, 
0, 
0, 
0, 
0, 
0, 
0, 
0, 
0, 
0, 
0, 
0, 
0, 
0, 
0, 
0, 
0, 
0, 
0, 
0, 
0, 
0, 
0, 
0, 
0, 
0, 
0, 
0, 
0, 
0, 
0, 
0, 
0, 
0, 
0, 
0, 
0, 
0, 
0, 
0, 
0, 
0, 
0, 
0, 
0, 
0, 
0, 
0, 
0, 
0, 
0, 
0, 
0, 
0, 
0, 
0, 
0, 
0, 
0, 
0, 
0, 
0, 
0, 
0, 
0, 
0, 
0, 
0, 
0, 
0, 
0, 
0, 
0, 
0, 
0, 
0, 
0, 
0, 
0, 
0, 
0, 
0, 
0, 
0, 
0, 
0, 
0, 
0, 
0, 
0, 
0, 
0, 
0, 
0, 
0, 
0, 
0, 
0, 
0, 
0, 
0, 
0, 
0, 
0, 
0, 
0, 
0, 
0, 
0, 
0, 
0, 
0, 
0, 
0, 
0, 
0, 
0, 
0, 
0, 
0, 
0, 
0, 
0, 
0, 
0, 
0, 
0, 
0, 
0, 
0, 
0, 
0, 
0, 
0, 
0, 
0, 
0, 
0, 
0, 
0, 
0, 
0, 
0, 
0, 
0, 
0, 
0, 
0, 
0, 
0, 
0, 
0, 
0, 
0, 
0, 
0, 
0, 
0, 
0, 
0, 
0, 
0, 
0, 
0, 
0, 
0, 
0, 
0, 
0, 
0, 
0, 
0, 
0, 
0, 
0, 
0, 
0, 
0, 
0, 
0, 
0, 
0, 
0, 
0, 
0, 
0, 
0, 
0, 
0, 
0, 
0, 
0, 
0, 
0, 
0, 
0, 
0, 
0, 
0, 
0, 
0, 
0, 
0, 
0, 
0, 
0, 
0, 
0, 
0, 
0, 
0, 
0, 
0, 
0, 
0, 
0, 
0, 
0, 
0, 
0, 
0, 
0, 
0, 
0, 
0, 
0, 
0, 
0, 
0, 
0, 
0, 
0, 
0, 
0, 
0, 
0, 
0, 
0, 
0, 
0, 
0, 
0, 
0, 
0, 
0, 
0, 
0, 
0, 
0, 
0, 
0, 
0, 
0, 
0, 
0, 
0, 
0, 
0, 
0, 
0, 
0, 
0, 
0, 
0, 
0, 
0, 
0, 
0, 
0, 
0, 
0, 
0, 
0, 
0, 
0, 
0, 
0, 
0, 
0, 
0, 
0, 
0, 
0, 
0, 
0, 
0, 
0, 
0, 
0, 
0, 
0, 
0, 
0, 
0, 
0, 
0, 
0, 
0, 
0, 
0, 
0, 
0, 
0, 
0, 
0, 
0, 
0, 
0, 
0, 
0, 
0, 
0, 
0, 
0, 
0, 
0, 
0, 
0, 
0, 
0, 
0, 
0, 
0, 
0, 
0, 
0, 
0, 
0, 
0, 
0, 
0, 
0, 
0, 
0, 
0, 
0, 
0, 
0, 
0, 
0, 
0, 
0, 
0, 
0, 
0, 
0, 
0, 
0, 
0, 
0, 
0, 
0, 
0, 
0, 
0, 
0, 
0, 
0, 
0, 
0, 
0, 
0, 
0, 
0, 
0, 
0, 
0, 
0, 
0, 
0, 
0, 
0, 
0, 
0, 
0, 
0, 
0, 
0, 
0, 
0, 
0, 
0, 
0, 
0, 
0, 
0, 
0, 
0, 
0, 
0, 
0, 
0, 
0, 
0, 
0, 
0, 
0, 
0, 
0, 
0, 
0, 
0, 
0, 
0, 
0, 
0, 
0, 
0, 
0, 
0, 
0, 
0, 
0, 
0, 
0, 
0, 
0, 
0, 
0, 
0, 
0, 
0, 
0, 
0, 
0, 
0, 
0, 
0, 
0, 
0, 
0, 
0, 
0, 
0, 
0, 
0, 
0, 
0, 
0, 
0, 
0, 
0, 
0, 
0, 
0, 
0, 
0, 
0, 
0, 
0, 
0, 
0, 
0, 
0, 
0, 
0, 
0, 
0, 
0, 
0, 
0, 
0, 
0, 
0, 
0, 
0, 
0, 
0, 
0, 
0, 
0, 
0, 
0, 
0, 
0, 
0, 
0, 
0, 
0, 
0, 
0, 
0, 
0, 
0, 
0, 
0, 
0, 
0, 
0, 
0, 
0, 
0, 
0, 
0, 
0, 
0, 
0, 
0, 
0, 
0, 
0, 
0, 
0, 
0, 
0, 
0, 
0, 
0, 
0, 
0, 
0, 
0, 
0, 
0, 
0, 
0, 
0, 
0, 
0, 
0, 
0, 
0, 
0, 
0, 
0, 
0, 
0, 
0, 
0, 
0, 
0, 
0, 
0, 
0, 
0, 
0, 
0, 
0, 
0, 
0, 
0, 
0, 
0, 
0, 
0, 
0, 
0, 
0, 
0, 
0, 
0, 
0, 
0, 
0, 
0, 
0, 
0, 
0, 
0, 
0, 
0, 
0, 
0, 
0, 
0, 
0, 
0, 
0, 
0, 
0, 
0, 
0, 
0, 
0, 
0, 
0, 
0, 
0, 
0, 
0, 
0, 
0, 
0, 
0, 
0, 
0, 
0, 
0, 
0, 
0, 
0, 
0, 
0, 
0, 
0, 
0, 
0, 
0, 
0, 
0, 
0, 
0, 
0, 
0, 
0, 
0, 
0, 
0, 
0, 
0, 
0, 
0, 
0, 
0, 
0, 
0, 
0, 
0, 
0, 
0, 
0, 
0, 
0, 
0, 
0, 
0, 
0, 
0, 
0, 
0, 
0, 
0, 
0, 
0, 
0, 
0, 
0, 
0, 
0, 
0, 
0, 
0, 
0, 
0, 
0, 
0, 
0, 
0, 
0, 
0, 
0, 
0, 
0, 
0, 
0, 
0, 
0, 
0, 
0, 
0, 
0, 
0, 
0, 
0, 
0, 
0, 
0, 
0, 
0, 
0, 
0, 
0, 
0, 
0, 
0, 
0, 
0, 
0, 
0, 
0, 
0, 
0, 
0, 
0, 
0, 
0, 
0, 
0, 
0, 
0, 
0, 
0, 
0, 
0, 
0, 
0, 
0, 
0, 
0, 
0, 
0, 
0, 
0, 
0, 
0, 
0, 
0, 
0, 
0, 
0, 
0, 
0, 
0, 
0, 
0, 
0, 
0, 
0, 
0, 
0, 
0, 
0, 
0, 
0, 
0, 
0, 
0, 
0, 
0, 
0, 
0, 
0, 
0, 
0, 
0, 
0, 
0, 
0, 
0, 
0, 
0, 
0, 
0, 
0, 
0, 
0, 
0, 
0, 
0, 
0, 
0, 
0, 
0, 
0, 
0, 
0, 
0, 
0, 
0, 
0, 
0, 
0, 
0, 
0, 
0, 
0, 
0, 
0, 
0, 
0, 
0, 
0, 
0, 
0, 
0, 
0, 
0, 
0, 
0, 
0, 
0, 
0, 
0, 
0, 
0, 
0, 
0, 
0, 
0, 
0, 
0, 
0, 
0, 
0, 
0, 
0, 
0, 
0, 
0, 
0, 
0, 
0, 
0, 
0, 
0, 
0, 
0, 
0, 
0, 
0, 
0, 
0, 
0, 
0, 
0, 
0, 
0, 
0, 
0, 
0, 
0, 
0, 
0, 
0, 
0, 
0, 
0, 
0, 
0, 
0, 
0, 
0, 
0, 
0, 
0, 
0, 
0, 
0, 
0, 
0, 
0, 
0, 
0, 
0, 
0, 
0, 
0, 
0, 
0, 
0, 
0, 
0, 
0, 
0, 
0, 
0, 
0, 
0, 
0, 
0, 
0, 
0, 
0, 
0, 
0, 
0, 
0, 
0, 
0, 
0, 
0, 
0, 
0, 
0, 
0, 
0, 
0, 
0, 
0, 
0, 
0, 
0, 
0, 
0, 
0, 
0, 
0, 
0, 
0, 
0, 
0, 
0, 
0, 
0, 
0, 
0, 
0, 
0, 
0, 
0, 
0, 
0, 
0, 
0, 
0, 
0, 
0, 
0, 
0, 
0, 
0, 
0, 
0, 
0, 
0, 
0, 
0, 
0, 
0, 
0, 
0, 
0, 
0, 
0, 
0, 
0, 
0, 
0, 
0, 
0, 
0, 
0, 
0, 
0, 
0, 
0, 
0, 
0, 
0, 
0, 
0, 
0, 
0, 
0, 
0, 
0, 
0, 
0, 
0, 
0, 
0, 
0, 
0, 
0, 
0, 
0, 
0, 
0, 
0, 
0, 
0, 
0, 
0, 
0, 
0, 
0, 
0, 
0, 
0, 
0, 
0, 
0, 
0, 
0, 
0, 
0, 
0, 
0, 
0, 
0, 
0, 
0, 
0, 
0, 
0, 
0, 
0, 
0, 
0, 
0, 
0, 
0, 
0, 
0, 
0, 
0, 
0, 
0, 
0, 
0, 
0, 
0, 
0, 
0, 
0, 
0, 
0, 
0, 
0, 
0, 
0, 
0, 
0, 
0, 
0, 
0, 
0, 
0, 
0, 
0, 
0, 
0, 
0, 
0, 
0, 
0, 
0, 
0, 
0, 
0, 
0, 
0, 
0, 
0, 
0, 
0, 
0, 
0, 
0, 
0, 
0, 
0, 
0, 
0, 
0, 
0, 
0, 
0, 
0, 
0, 
0, 
0, 
0, 
0, 
0, 
0, 
0, 
0, 
0, 
0, 
0, 
0, 
0, 
0, 
0, 
0, 
0, 
0, 
0, 
0, 
0, 
0, 
0, 
0, 
0, 
0, 
0, 
0, 
0, 
0, 
0, 
0, 
0, 
0, 
0, 
0, 
0, 
0, 
0, 
0, 
0, 
0, 
0, 
0, 
0, 
0, 
0, 
0, 
0, 
0, 
0, 
0, 
0, 
0, 
0, 
0, 
0, 
0, 
0, 
0, 
0, 
0, 
0, 
0, 
0, 
0, 
0, 
0, 
0, 
0, 
0, 
0, 
0, 
0, 
0, 
0, 
0, 
0, 
0, 
0, 
0, 
0, 
0, 
0, 
0, 
0, 
0, 
0, 
0, 
0, 
0, 
0, 
0, 
0, 
0, 
0, 
0, 
0, 
0, 
0, 
0, 
0, 
0, 
0, 
0, 
0, 
0, 
0, 
0, 
0, 
0, 
0, 
0, 
0, 
0, 
0, 
0, 
0, 
0, 
0, 
0, 
0, 
0, 
0, 
0, 
0, 
0, 
0, 
0, 
0, 
0, 
0, 
0, 
0, 
0, 
0, 
0, 
0, 
0, 
0, 
0, 
0, 
0, 
0, 
0, 
0, 
0, 
0, 
0, 
0, 
0, 
0, 
0, 
0, 
0, 
0, 
0, 
0, 
0, 
0, 
0, 
0, 
0, 
0, 
0, 
0, 
0, 
0, 
0, 
0, 
0, 
0, 
0, 
0, 
0, 
0, 
0, 
0, 
0, 
0, 
0, 
0, 
0, 
0, 
0, 
0, 
0, 
0, 
0, 
0, 
0, 
0, 
0, 
0, 
0, 
0, 
0, 
0, 
0, 
0, 
0, 
0, 
0, 
0, 
0, 
0, 
0, 
0, 
0, 
0, 
0, 
0, 
0, 
0, 
0, 
0, 
0, 
0, 
0, 
0, 
0, 
0, 
0, 
0, 
0, 
0, 
0, 
0, 
0, 
0, 
0, 
0, 
0, 
0, 
0, 
0, 
0, 
0, 
0, 
0, 
0, 
0, 
0, 
0, 
0, 
0, 
0, 
0, 
0, 
0, 
0, 
0, 
0, 
0, 
0, 
0, 
0, 
0, 
0, 
0, 
0, 
0, 
0, 
0, 
0, 
0, 
0, 
0, 
0, 
0, 
0, 
0, 
0, 
0, 
0, 
0, 
0, 
0, 
0, 
0, 
0, 
0, 
0, 
0, 
0, 
0, 
0, 
0, 
0, 
0, 
0, 
0, 
0, 
0, 
0, 
0, 
0, 
0, 
0, 
0, 
0, 
0, 
0, 
0, 
0, 
0, 
0, 
0, 
0, 
0, 
0, 
0, 
0, 
0, 
0, 
0, 
0, 
0, 
0, 
0, 
0, 
0, 
0, 
0, 
0, 
0, 
0, 
0, 
0, 
0, 
0, 
0, 
0, 
0, 
0, 
0, 
0, 
0, 
0, 
0, 
0, 
0, 
0, 
0, 
0, 
0, 
0, 
0, 
0, 
0, 
0, 
0, 
0, 
0, 
0, 
0, 
0, 
0, 
0, 
0, 
0, 
0, 
0, 
0, 
0, 
0, 
0, 
0, 
0, 
0, 
0, 
0, 
0, 
0, 
0, 
0, 
0, 
0, 
0, 
0, 
0, 
0, 
0, 
0, 
0, 
0, 
0, 
0, 
0, 
0, 
0, 
0, 
0, 
0, 
0, 
0, 
0, 
0, 
0, 
0, 
0, 
0, 
0, 
0, 
0, 
0, 
0, 
0, 
0, 
0, 
0, 
0, 
0, 
0, 
0, 
0, 
0, 
0, 
0, 
0, 
0, 
0, 
0, 
0, 
0, 
0, 
0, 
0, 
0, 
0, 
0, 
0, 
0, 
0, 
0, 
0, 
0, 
0, 
0, 
0, 
0, 
0, 
0, 
0, 
0, 
0, 
0, 
0, 
0, 
0, 
0, 
0, 
0, 
0, 
0, 
0, 
0, 
0, 
0, 
0, 
0, 
0, 
0, 
0, 
0, 
0, 
0, 
0, 
0, 
0, 
0, 
0, 
0, 
0, 
0, 
0, 
0, 
0, 
0, 
0, 
0, 
0, 
0, 
0, 
0, 
0, 
0, 
0, 
0, 
0, 
0, 
0, 
0, 
0, 
0, 
0, 
0, 
0, 
0, 
0, 
0, 
0, 
0, 
0, 
0, 
0, 
0, 
0, 
0, 
0, 
0, 
0, 
0, 
0, 
0, 
0, 
0, 
0, 
0, 
0, 
0, 
0, 
0, 
0, 
0, 
0, 
0, 
0, 
0, 
0, 
0, 
0, 
0, 
0, 
0, 
0, 
0, 
0, 
0, 
0, 
0, 
0, 
0, 
0, 
0, 
0, 
0, 
0, 
0, 
0, 
0, 
0, 
0, 
0, 
0, 
0, 
0, 
0, 
0, 
0, 
0, 
0, 
0, 
0, 
0, 
0, 
0, 
0, 
0, 
0, 
0, 
0, 
0, 
0, 
0, 
0, 
0, 
0, 
0, 
0, 
0, 
0, 
0, 
0, 
0, 
0, 
0, 
0, 
0, 
0, 
0, 
0, 
0, 
0, 
0, 
0, 
0, 
0, 
0, 
0, 
0, 
0, 
0, 
0, 
0, 
0, 
0, 
0, 
0, 
0, 
0, 
0, 
0, 
0, 
0, 
0, 
0, 
0, 
0, 
0, 
0, 
0, 
0, 
0, 
0, 
0, 
0, 
0, 
0, 
0, 
0, 
0, 
0, 
0, 
0, 
0, 
0, 
0, 
0, 
0, 
0, 
0, 
0, 
0, 
0, 
0, 
0, 
0, 
0, 
0, 
0, 
0, 
0, 
0, 
0, 
0, 
0, 
0, 
0, 
0, 
0, 
0, 
0, 
0, 
0, 
0, 
0, 
0, 
0, 
0, 
0, 
0, 
0, 
0, 
0, 
0, 
0, 
0, 
0, 
0, 
0, 
0, 
0, 
0, 
0, 
0, 
0, 
0, 
0, 
0, 
0, 
0, 
0, 
0, 
0, 
0, 
0, 
0, 
0, 
0, 
0, 
0, 
0, 
0, 
0, 
0, 
0, 
0, 
0, 
0, 
0, 
0, 
0, 
0, 
0, 
0, 
0, 
0, 
0, 
0, 
0, 
0, 
0, 
0, 
0, 
0, 
0, 
0, 
0, 
0, 
0, 
0, 
0, 
0, 
0, 
0, 
0, 
0, 
0, 
0, 
0, 
0, 
0, 
0, 
0, 
0, 
0, 
0, 
0, 
0, 
0, 
0, 
0, 
0, 
0, 
0, 
0, 
0, 
0, 
0, 
0, 
0, 
0, 
0, 
0, 
0, 
0, 
0, 
0, 
0, 
0, 
0, 
0, 
0, 
0, 
0, 
0, 
0, 
0, 
0, 
0, 
0, 
0, 
0, 
0, 
0, 
0, 
0, 
0, 
0, 
0, 
0, 
0, 
0, 
0, 
0, 
0, 
0, 
0, 
0, 
0, 
0, 
0, 
0, 
0, 
0, 
0, 
0, 
0, 
0, 
0, 
0, 
0, 
0, 
0, 
0, 
0, 
0, 
0, 
0, 
0, 
0, 
0, 
0, 
0, 
0, 
0, 
0, 
0, 
0, 
0, 
0, 
0, 
0, 
0, 
0, 
0, 
0, 
0, 
0, 
0, 
0, 
0, 
0, 
0, 
0, 
0, 
0, 
0, 
0, 
0, 
0, 
0, 
0, 
0, 
0, 
0, 
0, 
0, 
0, 
0, 
0, 
0, 
0, 
0, 
0, 
0, 
0, 
0, 
0, 
0, 
0, 
0, 
0, 
0, 
0, 
0, 
0, 
0, 
0, 
0, 
0, 
0, 
0, 
0, 
0, 
0, 
0, 
0, 
0, 
0, 
0, 
0, 
0, 
0, 
0, 
0, 
0, 
0, 
0, 
0, 
0, 
0, 
0, 
0, 
0, 
0, 
0, 
0, 
0, 
0, 
0, 
0, 
0, 
0, 
0, 
0, 
0, 
0, 
0, 
0, 
0, 
0, 
0, 
0, 
0, 
0, 
0, 
0, 
0, 
0, 
0, 
0, 
0, 
0, 
0, 
0, 
0, 
0, 
0, 
0, 
0, 
0, 
0, 
0, 
0, 
0, 
0, 
0, 
0, 
0, 
0, 
0, 
0, 
0, 
0, 
0, 
0, 
0, 
0, 
0, 
0, 
0, 
0, 
0, 
0, 
0, 
0, 
0, 
0, 
0, 
0, 
0, 
0, 
0, 
0, 
0, 
0, 
0, 
0, 
0, 
0, 
0, 
0, 
0, 
0, 
0, 
0, 
0, 
0, 
0, 
0, 
0, 
0, 
0, 
0, 
0, 
0, 
0, 
0, 
0, 
0, 
0, 
0, 
0, 
0, 
0, 
0, 
0, 
0, 
0, 
0, 
0, 
0, 
0, 
0, 
0, 
0, 
0, 
0, 
0, 
0, 
0, 
0, 
0, 
0, 
0, 
0, 
0, 
0, 
0, 
0, 
0, 
0, 
0, 
0, 
0, 
0, 
0, 
0, 
0, 
0, 
0, 
0, 
0, 
0, 
0, 
0, 
0, 
0, 
0, 
0, 
0, 
0, 
0, 
0, 
0, 
0, 
0, 
0, 
0, 
0, 
0, 
0, 
0, 
0, 
0, 
0, 
0, 
0, 
0, 
0, 
0, 
0, 
0, 
0, 
0, 
0, 
0, 
0, 
0, 
0, 
0, 
0, 
0, 
0, 
0, 
0, 
0, 
0, 
0, 
0, 
0, 
0, 
0, 
0, 
0, 
0, 
0, 
0, 
0, 
0, 
0, 
0, 
0, 
0, 
0, 
0, 
0, 
0, 
0, 
0, 
0, 
0, 
0, 
0, 
0, 
0, 
0, 
0, 
0, 
0, 
0, 
0, 
0, 
0, 
0, 
0, 
0, 
0, 
0, 
0, 
0, 
0, 
0, 
0, 
0, 
0, 
0, 
0, 
0, 
0, 
0, 
0, 
0, 
0, 
0, 
0, 
0, 
0, 
0, 
0, 
0, 
0, 
0, 
0, 
0, 
0, 
0, 
0, 
0, 
0, 
0, 
0, 
0, 
0, 
0, 
0, 
0, 
0, 
0, 
0, 
0, 
0, 
0, 
0, 
0, 
0, 
0, 
0, 
0, 
0, 
0, 
0, 
0, 
0, 
0, 
0, 
0, 
0, 
0, 
0, 
0, 
0, 
0, 
0, 
0, 
0, 
0, 
0, 
0, 
0, 
0, 
0, 
0, 
0, 
0, 
0, 
0, 
0, 
0, 
0, 
0, 
0, 
0, 
0, 
0, 
0, 
0, 
0, 
0, 
0, 
0, 
0, 
0, 
0, 
0, 
0, 
0, 
0, 
0, 
0, 
0, 
0, 
0, 
0, 
0, 
0, 
0, 
0, 
0, 
0, 
0, 
0, 
0, 
0, 
0, 
0, 
0, 
0, 
0, 
0, 
0, 
0, 
0, 
0, 
0, 
0, 
0, 
0, 
0, 
0, 
0, 
0, 
0, 
0, 
0, 
0, 
0, 
0, 
0, 
0, 
0, 
0, 
0, 
0, 
0, 
0, 
0, 
0, 
0, 
0, 
0, 
0, 
0, 
0, 
0, 
0, 
0, 
0, 
0, 
0, 
0, 
0, 
0, 
0, 
0, 
0, 
0, 
0, 
0, 
0, 
0, 
0, 
0, 
0, 
0, 
0, 
0, 
0, 
0, 
0, 
0, 
0, 
0, 
0, 
0, 
0, 
0, 
0, 
0, 
0, 
0, 
0, 
0, 
0, 
0, 
0, 
0, 
0, 
0, 
0, 
0, 
0, 
0, 
0, 
0, 
0, 
0, 
0, 
0, 
0, 
0, 
0, 
0, 
0, 
0, 
0, 
0, 
0, 
0, 
0, 
0, 
0, 
0, 
0, 
0, 
0, 
0, 
0, 
0, 
0, 
0, 
0, 
0, 
0, 
0, 
0, 
0, 
0, 
0, 
0, 
0, 
0, 
0, 
0, 
0, 
0, 
0, 
0, 
0, 
0, 
0, 
0, 
0, 
0, 
0, 
0, 
0, 
0, 
0, 
0, 
0, 
0, 
0, 
0, 
0, 
0, 
0, 
0, 
0, 
0, 
0, 
0, 
0, 
0, 
0, 
0, 
0, 
0, 
0, 
0, 
0, 
0, 
0, 
0, 
0, 
0, 
0, 
0, 
0, 
0, 
0, 
0, 
0, 
0, 
0, 
0, 
0, 
0, 
0, 
0, 
0, 
0, 
0, 
0, 
0, 
0, 
0, 
0, 
0, 
0, 
0, 
0, 
0, 
0, 
0, 
0, 
0, 
0, 
0, 
0, 
0, 
0, 
0, 
0, 
0, 
0, 
0, 
0, 
0, 
0, 
0, 
0, 
0, 
0, 
0, 
0, 
0, 
0, 
0, 
0, 
0, 
0, 
0, 
0, 
0, 
0, 
0, 
0, 
0, 
0, 
0, 
0, 
0, 
0, 
0, 
0, 
0, 
0, 
0, 
0, 
0, 
0, 
0, 
0, 
0, 
0, 
0, 
0, 
0, 
0, 
0, 
0, 
0, 
0, 
0, 
0, 
0, 
0, 
0, 
0, 
0, 
0, 
0, 
0, 
0, 
0, 
0, 
0, 
0, 
0, 
0, 
0, 
0, 
0, 
0, 
0, 
0, 
0, 
0, 
0, 
0, 
0, 
0, 
0, 
0, 
0, 
0, 
0, 
0, 
0, 
0, 
0, 
0, 
0, 
0, 
0, 
0, 
0, 
0, 
0, 
0, 
0, 
0, 
0, 
0, 
0, 
0, 
0, 
0, 
0, 
0, 
0, 
0, 
0, 
0, 
0, 
0, 
0, 
0, 
0, 
0, 
0, 
0, 
0, 
0, 
0, 
0, 
0, 
0, 
0, 
0, 
0, 
0, 
0, 
0, 
0, 
0, 
0, 
0, 
0, 
0, 
0, 
0, 
0, 
0, 
0, 
0, 
0, 
0, 
0, 
0, 
0, 
0, 
0, 
0, 
0, 
0, 
0, 
0, 
0, 
0, 
0, 
0, 
0, 
0, 
0, 
0, 
0, 
0, 
0, 
0, 
0, 
0, 
0, 
0, 
0, 
0, 
0, 
0, 
0, 
0, 
0, 
0, 
0, 
0, 
0, 
0, 
0, 
0, 
0, 
0, 
0, 
0, 
0, 
0, 
0, 
0, 
0, 
0, 
0, 
0, 
0, 
0, 
0, 
0, 
0, 
0, 
0, 
0, 
0, 
0, 
0, 
0, 
0, 
0, 
0, 
0, 
0, 
0, 
0, 
0, 
0, 
0, 
0, 
0, 
0, 
0, 
0, 
0, 
0, 
0, 
0, 
0, 
0, 
0, 
0, 
0, 
0, 
0, 
0, 
0, 
0, 
0, 
0, 
0, 
0, 
0, 
0, 
0, 
0, 
0, 
0, 
0, 
0, 
0, 
0, 
0, 
0, 
0, 
0, 
0, 
0, 
0, 
0, 
0, 
0, 
0, 
0, 
0, 
0, 
0, 
0, 
0, 
0, 
0, 
0, 
0, 
0, 
0, 
0, 
0, 
0, 
0, 
0, 
0, 
0, 
0, 
0, 
0, 
0, 
0, 
0, 
0, 
0, 
0, 
0, 
0, 
0, 
0, 
0, 
0, 
0, 
0, 
0, 
0, 
0, 
0, 
0, 
0, 
0, 
0, 
0, 
0, 
0, 
0, 
0, 
0, 
0, 
0, 
0, 
0, 
0, 
0, 
0, 
0, 
0, 
0, 
0, 
0, 
0, 
0, 
0, 
0, 
0, 
0, 
0, 
0, 
0, 
0, 
0, 
0, 
0, 
0, 
0, 
0, 
0, 
0, 
0, 
0, 
0, 
0, 
0, 
0, 
0, 
0, 
0, 
0, 
0, 
0, 
0, 
0, 
0, 
0, 
0, 
0, 
0, 
0, 
0, 
0, 
0, 
0, 
0, 
0, 
0, 
0, 
0, 
0, 
0, 
0, 
0, 
0, 
0, 
0, 
0, 
0, 
0, 
0, 
0, 
0, 
0, 
0, 
0, 
0, 
0, 
0, 
0, 
0, 
0, 
0, 
0, 
0, 
0, 
0, 
0, 
0, 
0, 
0, 
0, 
0, 
0, 
0, 
0, 
0, 
0, 
0, 
0, 
0, 
0, 
0, 
0, 
0, 
0, 
0, 
0, 
0, 
0, 
0, 
0, 
0, 
0, 
0, 
0, 
0, 
0, 
0, 
0, 
0, 
0, 
0, 
0, 
0, 
0, 
0, 
0, 
0, 
0, 
0, 
0, 
0, 
0, 
0, 
0, 
0, 
0, 
0, 
0, 
0, 
0, 
0, 
0, 
0, 
0, 
0, 
0, 
0, 
0, 
0, 
0, 
0, 
0, 
0, 
0, 
0, 
0, 
0, 
0, 
0, 
0, 
0, 
0, 
0, 
0, 
0, 
0, 
0, 
0, 
0, 
0, 
0, 
0, 
0, 
0, 
0, 
0, 
0, 
0, 
0, 
0, 
0, 
0, 
0, 
0, 
0, 
0, 
0, 
0, 
0, 
0, 
0, 
0, 
0, 
0, 
0, 
0, 
0, 
0, 
0, 
0, 
0, 
0, 
0, 
0, 
0, 
0, 
0, 
0, 
0, 
0, 
0, 
0, 
0, 
0, 
0, 
0, 
0, 
0, 
0, 
0, 
0, 
0, 
0, 
0, 
0, 
0, 
0, 
0, 
0, 
0, 
0, 
0, 
0, 
0, 
0, 
0, 
0, 
0, 
0, 
0, 
0, 
0, 
0, 
0, 
0, 
0, 
0, 
0, 
0, 
0, 
0, 
0, 
0, 
0, 
0, 
0, 
0, 
0, 
0, 
0, 
0, 
0, 
0, 
0, 
0, 
0, 
0, 
0, 
0, 
0, 
0, 
0, 
0, 
0, 
0, 
0, 
0, 
0, 
0, 
0, 
0, 
0, 
0, 
0, 
0, 
0, 
0, 
0, 
0, 
0, 
0, 
0, 
0, 
0, 
0, 
0, 
0, 
0, 
0, 
0, 
0, 
0, 
0, 
0, 
0, 
0, 
0, 
0, 
0, 
0, 
0, 
0, 
0, 
0, 
0, 
0, 
0, 
0, 
0, 
0, 
0, 
0, 
0, 
0, 
0, 
0, 
0, 
0, 
0, 
0, 
0, 
0, 
0, 
0, 
0, 
0, 
0, 
0, 
0, 
0, 
0, 
0, 
0, 
0, 
0, 
0, 
0, 
0, 
0, 
0, 
0, 
0, 
0, 
0, 
0, 
0, 
0, 
0, 
0, 
0, 
0, 
0, 
0, 
0, 
0, 
0, 
0, 
0, 
0, 
0, 
0, 
0, 
0, 
0, 
0, 
0, 
0, 
0, 
0, 
0, 
0, 
0, 
0, 
0, 
0, 
0, 
0, 
0, 
0, 
0, 
0, 
0, 
0, 
0, 
0, 
0, 
0, 
0, 
0, 
0, 
0, 
0, 
0, 
0, 
0, 
0, 
0, 
0, 
0, 
0, 
0, 
0, 
0, 
0, 
0, 
0, 
0, 
0, 
0, 
0, 
0, 
0, 
0, 
0, 
0, 
0, 
0, 
0, 
0, 
0, 
0, 
0, 
0, 
0, 
0, 
0, 
0, 
0, 
0, 
0, 
0, 
0, 
0, 
0, 
0, 
0, 
0, 
0, 
0, 
0, 
0, 
0, 
0, 
0, 
0, 
0, 
0, 
0, 
0, 
0, 
0, 
0, 
0, 
0, 
0, 
0, 
0, 
0, 
0, 
0, 
0, 
0, 
0, 
0, 
0, 
0, 
0, 
0, 
0, 
0, 
0, 
0, 
0, 
0, 
0, 
0, 
0, 
0, 
0, 
0, 
0, 
0, 
0, 
0, 
0, 
0, 
0, 
0, 
0, 
0, 
0, 
0, 
0, 
0, 
0, 
0, 
0, 
0, 
0, 
0, 
0, 
0, 
0, 
0, 
0, 
0, 
0, 
0, 
0, 
0, 
0, 
0, 
0, 
0, 
0, 
0, 
0, 
0, 
0, 
0, 
0, 
0, 
0, 
0, 
0, 
0, 
0, 
0, 
0, 
0, 
0, 
0, 
0, 
0, 
0, 
0, 
0, 
0, 
0, 
0, 
0, 
0, 
0, 
0, 
0, 
0, 
0, 
0, 
0, 
0, 
0, 
0, 
0, 
0, 
0, 
0, 
0, 
0, 
0, 
0, 
0, 
0, 
0, 
0, 
0, 
0, 
0, 
0, 
0, 
0, 
0, 
0, 
0, 
0, 
0, 
0, 
0, 
0, 
0, 
0, 
0, 
0, 
0, 
0, 
0, 
0, 
0, 
0, 
0, 
0, 
0, 
0, 
0, 
0, 
0, 
0, 
0, 
0, 
0, 
0, 
0, 
0, 
0, 
0, 
0, 
0, 
0, 
0, 
0, 
0, 
0, 
0, 
0, 
0, 
0, 
0, 
0, 
0, 
0, 
0, 
0, 
0, 
0, 
0, 
0, 
0, 
0, 
0, 
0, 
0, 
0, 
0, 
0, 
0, 
0, 
0, 
0, 
0, 
0, 
0, 
0, 
0, 
0, 
0, 
0, 
0, 
0, 
0, 
0, 
0, 
0, 
0, 
0, 
0, 
0, 
0, 
0, 
0, 
0, 
0, 
0, 
0, 
0, 
0, 
0, 
0, 
0, 
0, 
0, 
0, 
0, 
0, 
0, 
0, 
0, 
0, 
0, 
0, 
0, 
0, 
0, 
0, 
0, 
0, 
0, 
0, 
0, 
0, 
0, 
0, 
0, 
0, 
0, 
0, 
0, 
0, 
0, 
0, 
0, 
0, 
0, 
0, 
0, 
0, 
0, 
0, 
0, 
0, 
0, 
0, 
0, 
0, 
0, 
0, 
0, 
0, 
0, 
0, 
0, 
0, 
0, 
0, 
0, 
0, 
0, 
0, 
0, 
0, 
0, 
0, 
0, 
0, 
0, 
0, 
0, 
0, 
0, 
0, 
0, 
0, 
0, 
0, 
0, 
0, 
0, 
0, 
0, 
0, 
0, 
0, 
0, 
0, 
0, 
0, 
0, 
0, 
0, 
0, 
0, 
0, 
0, 
0, 
0, 
0, 
0, 
0, 
0, 
0, 
0, 
0, 
0, 
0, 
0, 
0, 
0, 
0, 
0, 
0, 
0, 
0, 
0, 
0, 
0, 
0, 
0, 
0, 
0, 
0, 
0, 
0, 
0, 
0, 
0, 
0, 
0, 
0, 
0, 
0, 
0, 
0, 
0, 
0, 
0, 
0, 
0, 
0, 
0, 
0, 
0, 
0, 
0, 
0, 
0, 
0, 
0, 
0, 
0, 
0, 
0, 
0, 
0, 
0, 
0, 
0, 
0, 
0, 
0, 
0, 
0, 
0, 
0, 
0, 
0, 
0, 
0, 
0, 
0, 
0, 
0, 
0, 
0, 
0, 
0, 
0, 
0, 
0, 
0, 
0, 
0, 
0, 
0, 
0, 
0, 
0, 
0, 
0, 
0, 
0, 
0, 
0, 
0, 
0, 
0, 
0, 
0, 
0, 
0, 
0, 
0, 
0, 
0, 
0, 
0, 
0, 
0, 
0, 
0, 
0, 
0, 
0, 
0, 
0, 
0, 
0, 
0, 
0, 
0, 
0, 
0, 
0, 
0, 
0, 
0, 
0, 
0, 
0, 
0, 
0, 
0, 
0, 
0, 
0, 
0, 
0, 
0, 
0, 
0, 
0, 
0, 
0, 
0, 
0, 
0, 
0, 
0, 
0, 
0, 
0, 
0, 
0, 
0, 
0, 
0, 
0, 
0, 
0, 
0, 
0, 
0, 
0, 
0, 
0, 
0, 
0, 
0, 
0, 
0, 
0, 
0, 
0, 
0, 
0, 
0, 
0, 
0, 
0, 
0, 
0, 
0, 
0, 
0, 
0, 
0, 
0, 
0, 
0, 
0, 
0, 
0, 
0, 
0, 
0, 
0, 
0, 
0, 
0, 
0, 
0, 
0, 
0, 
0, 
0, 
0, 
0, 
0, 
0, 
0, 
0, 
0, 
0, 
0, 
0, 
0, 
0, 
0, 
0, 
0, 
0, 
0, 
0, 
0, 
0, 
0, 
0, 
0, 
0, 
0, 
0, 
0, 
0, 
0, 
0, 
0, 
0, 
0, 
0, 
0, 
0, 
0, 
0, 
0, 
0, 
0, 
0, 
0, 
0, 
0, 
0, 
0, 
0, 
0, 
0, 
0, 
0, 
0, 
0, 
0, 
0, 
0, 
0, 
0, 
0, 
0, 
0, 
0, 
0, 
0, 
0, 
0, 
0, 
0, 
0, 
0, 
0, 
0, 
0, 
0, 
0, 
0, 
0, 
0, 
0, 
0, 
0, 
0, 
0, 
0, 
0, 
0, 
0, 
0, 
0, 
0, 
0, 
0, 
0, 
0, 
0, 
0, 
0, 
0, 
0, 
0, 
0, 
0, 
0, 
0, 
0, 
0, 
0, 
0, 
0, 
0, 
0, 
0, 
0, 
0, 
0, 
0, 
0, 
0, 
0, 
0, 
0, 
0, 
0, 
0, 
0, 
0, 
0, 
0, 
0, 
0, 
0, 
0, 
0, 
0, 
0, 
0, 
0, 
0, 
0, 
0, 
0, 
0, 
0, 
0, 
0, 
0, 
0, 
0, 
0, 
0, 
0, 
0, 
0, 
0, 
0, 
0, 
0, 
0, 
0, 
0, 
0, 
0, 
0, 
0, 
0, 
0, 
0, 
0, 
0, 
0, 
0, 
0, 
0, 
0, 
0, 
0, 
0, 
0, 
0, 
0, 
0, 
0, 
0, 
0, 
0, 
0, 
0, 
0, 
0, 
0, 
0, 
0, 
0, 
0, 
0, 
0, 
0, 
0, 
0, 
0, 
0, 
0, 
0, 
0, 
0, 
0, 
0, 
0, 
0, 
0, 
0, 
0, 
0, 
0, 
0, 
0, 
0, 
0, 
0, 
0, 
0, 
0, 
0, 
0, 
0, 
0, 
0, 
0, 
0, 
0, 
0, 
0, 
0, 
0, 
0, 
0, 
0, 
0, 
0, 
0, 
0, 
0, 
0, 
0, 
0, 
0, 
0, 
0, 
0, 
0, 
0, 
0, 
0, 
0, 
0, 
0, 
0, 
0, 
0, 
0, 
0, 
0, 
0, 
0, 
0, 
0, 
0, 
0, 
0, 
0, 
0, 
0, 
0, 
0, 
0, 
0, 
0, 
0, 
0, 
0, 
0, 
0, 
0, 
0, 
0, 
0, 
0, 
0, 
0, 
0, 
0, 
0, 
0, 
0, 
0, 
0, 
0, 
0, 
0, 
0, 
0, 
0, 
0, 
0, 
0, 
0, 
0, 
0, 
0, 
0, 
0, 
0, 
0, 
0, 
0, 
0, 
0, 
0, 
0, 
0, 
0, 
0, 
0, 
0, 
0, 
0, 
0, 
0, 
0, 
0, 
0, 
0, 
0, 
0, 
0, 
0, 
0, 
0, 
0, 
0, 
0, 
0, 
0, 
0, 
0, 
0, 
0, 
0, 
0, 
0, 
0, 
0, 
0, 
0, 
0, 
0, 
0, 
0, 
0, 
0, 
0, 
0, 
0, 
0, 
0, 
0, 
0, 
0, 
0, 
0, 
0, 
0, 
0, 
0, 
0, 
0, 
0, 
0, 
0, 
0, 
0, 
0, 
0, 
0, 
0, 
0, 
0, 
0, 
0, 
0, 
0, 
0, 
0, 
0, 
0, 
0, 
0, 
0, 
0, 
0, 
0, 
0, 
0, 
0, 
0, 
0, 
0, 
0, 
0, 
0, 
0, 
0, 
0, 
0, 
0, 
0, 
0, 
0, 
0, 
0, 
0, 
0, 
0, 
0, 
0, 
0, 
0, 
0, 
0, 
0, 
0, 
0, 
0, 
0, 
0, 
0, 
0, 
0, 
0, 
0, 
0, 
0, 
0, 
0, 
0, 
0, 
0, 
0, 
0, 
0, 
0, 
0, 
0, 
0, 
0, 
0, 
0, 
0, 
0, 
0, 
0, 
0, 
0, 
0, 
0, 
0, 
0, 
0, 
0, 
0, 
0, 
0, 
0, 
0, 
0, 
0, 
0, 
0, 
0, 
0, 
0, 
0, 
0, 
0, 
0, 
0, 
0, 
0, 
0, 
0, 
0, 
0, 
0, 
0, 
0, 
0, 
0, 
0, 
0, 
0, 
0, 
0, 
0, 
0, 
0, 
0, 
0, 
0, 
0, 
0, 
0, 
0, 
0, 
0, 
0, 
0, 
0, 
0, 
0, 
0, 
0, 
0, 
0, 
0, 
0, 
0, 
0, 
0, 
0, 
0, 
0, 
0, 
0, 
0, 
0, 
0, 
0, 
0, 
0, 
0, 
0, 
0, 
0, 
0, 
0, 
0, 
0, 
0, 
0, 
0, 
0, 
0, 
0, 
0, 
0, 
0, 
0, 
0, 
0, 
0, 
0, 
0, 
0, 
0, 
0, 
0, 
0, 
0, 
0, 
0, 
0, 
0, 
0, 
0, 
0, 
0, 
0, 
0, 
0, 
0, 
0, 
0, 
