5102, 
5138, 
5158, 
5232, 
5338, 
5416, 
5399, 
5445, 
5452, 
5482, 
5500, 
5493, 
5536, 
5559, 
5495, 
5506, 
5484, 
5478, 
5524, 
5553, 
5557, 
5573, 
5592, 
5602, 
5602, 
5527, 
5522, 
5498, 
5434, 
5429, 
5445, 
5497, 
5527, 
5605, 
5601, 
5520, 
5557, 
5553, 
5630, 
5617, 
5578, 
5562, 
5514, 
5529, 
5490, 
5479, 
5483, 
5510, 
5558, 
5456, 
5500, 
5522, 
5497, 
5434, 
5426, 
5475, 
5572, 
5521, 
5476, 
5414, 
5446, 
5381, 
5459, 
5565, 
5516, 
5579, 
5583, 
5577, 
5529, 
5497, 
5473, 
5488, 
5508, 
5514, 
5500, 
5462, 
5450, 
5469, 
5461, 
5486, 
5536, 
5539, 
5513, 
5507, 
5531, 
5536, 
5476, 
5475, 
5451, 
5467, 
5521, 
5535, 
5447, 
5524, 
5571, 
5619, 
5534, 
5586, 
5537, 
5539, 
5468, 
5509, 
5503, 
5481, 
5413, 
5390, 
5454, 
5398, 
5431, 
5436, 
5437, 
5438, 
5508, 
5490, 
5454, 
5493, 
5469, 
5510, 
5513, 
5513, 
5520, 
5525, 
5535, 
5546, 
5582, 
5551, 
5594, 
5540, 
5526, 
5527, 
5527, 
5551, 
5506, 
5491, 
5468, 
5477, 
5498, 
5517, 
5497, 
5470, 
5517, 
5465, 
5481, 
5522, 
5540, 
5503, 
5538, 
5494, 
5494, 
5475, 
5426, 
5420, 
5480, 
5544, 
5561, 
5568, 
5537, 
5577, 
5616, 
5638, 
5615, 
5564, 
5552, 
5586, 
5485, 
5485, 
5479, 
5426, 
5402, 
5430, 
5466, 
5468, 
5488, 
5523, 
5558, 
5491, 
5479, 
5450, 
5409, 
5393, 
5396, 
5382, 
5403, 
5457, 
5453, 
5462, 
5446, 
5523, 
5486, 
5534, 
5524, 
5508, 
5512, 
5466, 
5433, 
5427, 
5472, 
5475, 
5506, 
5475, 
5419, 
5464, 
5513, 
5509, 
5487, 
5449, 
5498, 
5487, 
5480, 
5492, 
5520, 
5521, 
5478, 
5536, 
5537, 
5566, 
5632, 
5561, 
5533, 
5486, 
5440, 
5483, 
5493, 
5489, 
5446, 
5551, 
5576, 
5530, 
5491, 
5498, 
5491, 
5519, 
5595, 
5600, 
5561, 
5538, 
5499, 
5493, 
5511, 
5469, 
5533, 
5529, 
5575, 
5623, 
5646, 
5616, 
5611, 
5621, 
5611, 
5537, 
5560, 
5563, 
5538, 
5530, 
5511, 
5531, 
5559, 
5523, 
5492, 
5509, 
5490, 
5508, 
5526, 
5527, 
5467, 
5466, 
5542, 
5503, 
5513, 
5520, 
5551, 
5508, 
5501, 
5554, 
5528, 
5566, 
5527, 
5515, 
5483, 
5402, 
5435, 
5438, 
5481, 
5468, 
5565, 
5434, 
5420, 
5435, 
5421, 
5452, 
5466, 
5490, 
5518, 
5489, 
5521, 
5531, 
5531, 
5587, 
5516, 
5485, 
5461, 
5494, 
5462, 
5457, 
5396, 
5463, 
5446, 
5432, 
5435, 
5374, 
5428, 
5448, 
5456, 
5511, 
5476, 
5508, 
5502, 
5547, 
5558, 
5557, 
5519, 
5518, 
5475, 
5450, 
5399, 
5422, 
5475, 
5463, 
5430, 
5348, 
5388, 
5436, 
5409, 
5484, 
5490, 
5545, 
5546, 
5464, 
5422, 
5401, 
5484, 
5494, 
5549, 
5475, 
5482, 
5500, 
5486, 
5610, 
5599, 
5576, 
5550, 
5636, 
5553, 
5574, 
5519, 
5510, 
5476, 
5425, 
5499, 
5562, 
5604, 
5636, 
5622, 
5594, 
5554, 
5560, 
5570, 
5545, 
5608, 
5631, 
5587, 
5615, 
5513, 
5552, 
5577, 
5522, 
5501, 
5500, 
5448, 
5475, 
5499, 
5424, 
5396, 
5479, 
5511, 
5462, 
5473, 
5473, 
5469, 
5472, 
5455, 
5464, 
5449, 
5421, 
5404, 
5462, 
5492, 
5496, 
5531, 
5537, 
5516, 
5512, 
5531, 
5536, 
5558, 
5555, 
5528, 
5494, 
5496, 
5440, 
5488, 
5446, 
5508, 
5507, 
5506, 
5535, 
5546, 
5584, 
5554, 
5552, 
5562, 
5591, 
5539, 
5586, 
5578, 
5550, 
5512, 
5553, 
5532, 
5447, 
5396, 
5425, 
5420, 
5503, 
5459, 
5440, 
5432, 
5456, 
5446, 
5386, 
5353, 
5390, 
5386, 
5377, 
5359, 
5428, 
5429, 
5458, 
5490, 
5526, 
5528, 
5510, 
5515, 
5462, 
5526, 
5586, 
5538, 
5576, 
5537, 
5535, 
5410, 
5512, 
5519, 
5480, 
5545, 
5532, 
5519, 
5510, 
5472, 
5392, 
5363, 
5391, 
5455, 
5448, 
5357, 
5355, 
5353, 
5392, 
5446, 
5494, 
5495, 
5440, 
5465, 
5538, 
5525, 
5466, 
5397, 
5324, 
5371, 
5391, 
5408, 
5405, 
5439, 
5435, 
5433, 
5449, 
5450, 
5478, 
5533, 
5508, 
5472, 
5448, 
5449, 
5388, 
5387, 
5432, 
5455, 
5493, 
5510, 
5509, 
5484, 
5471, 
5479, 
5503, 
5500, 
5536, 
5475, 
5491, 
5467, 
5412, 
5428, 
5450, 
5421, 
5482, 
5432, 
5456, 
5465, 
5537, 
5629, 
5567, 
5578, 
5588, 
5577, 
5512, 
5531, 
5515, 
5522, 
5469, 
5445, 
5431, 
5385, 
5330, 
5293, 
5279, 
5335, 
5332, 
5365, 
5376, 
5390, 
5401, 
5447, 
5341, 
5361, 
5377, 
5431, 
5478, 
5423, 
5460, 
5510, 
5473, 
5457, 
5480, 
5480, 
5478, 
5497, 
5428, 
5392, 
5386, 
5332, 
5339, 
5353, 
5368, 
5381, 
5349, 
5365, 
5393, 
5371, 
5358, 
5425, 
5462, 
5556, 
5536, 
5542, 
5477, 
5503, 
5477, 
5466, 
5509, 
5546, 
5491, 
5469, 
5511, 
5490, 
5467, 
5438, 
5480, 
5553, 
5545, 
5517, 
5463, 
5483, 
5514, 
5472, 
5541, 
5558, 
5536, 
5526, 
5552, 
5558, 
5550, 
5512, 
5483, 
5448, 
5474, 
5486, 
5509, 
5550, 
5523, 
5506, 
5503, 
5458, 
5452, 
5409, 
5443, 
5474, 
5412, 
5455, 
5490, 
5508, 
5516, 
5502, 
5504, 
5584, 
5603, 
5592, 
5580, 
5531, 
5553, 
5542, 
5535, 
5544, 
5583, 
5575, 
5500, 
5494, 
5565, 
5532, 
5565, 
5628, 
5621, 
5567, 
5526, 
5507, 
5468, 
5490, 
5496, 
5518, 
5618, 
5666, 
5695, 
5610, 
5563, 
5543, 
5530, 
5557, 
5611, 
5616, 
5626, 
5580, 
5639, 
5612, 
5586, 
5610, 
5592, 
5537, 
5572, 
5629, 
5582, 
5580, 
5528, 
5481, 
5458, 
5500, 
5546, 
5508, 
5520, 
5577, 
5579, 
5563, 
5506, 
5426, 
5374, 
5394, 
5411, 
5448, 
5432, 
5459, 
5453, 
5500, 
5497, 
5522, 
5480, 
5512, 
5519, 
5530, 
5480, 
5497, 
5536, 
5518, 
5540, 
5543, 
5519, 
5517, 
5492, 
5530, 
5426, 
5410, 
5445, 
5454, 
5532, 
5598, 
5605, 
5527, 
5457, 
5499, 
5513, 
5453, 
5439, 
5445, 
5394, 
5399, 
5432, 
5463, 
5421, 
5404, 
5399, 
5353, 
5374, 
5379, 
5366, 
5412, 
5420, 
5459, 
5485, 
5483, 
5539, 
5558, 
5616, 
5560, 
5523, 
5566, 
5563, 
5512, 
5512, 
5527, 
5499, 
5479, 
5464, 
5496, 
5507, 
5577, 
5611, 
5556, 
5561, 
5559, 
5558, 
5504, 
5499, 
5506, 
5533, 
5461, 
5432, 
5437, 
5459, 
5458, 
5465, 
5442, 
5482, 
5502, 
5491, 
5487, 
5501, 
5486, 
5461, 
5439, 
5495, 
5466, 
5528, 
5571, 
5536, 
5544, 
5484, 
5466, 
5419, 
5407, 
5387, 
5400, 
5331, 
5402, 
5415, 
5378, 
5447, 
5468, 
5473, 
5429, 
5496, 
5487, 
5446, 
5417, 
5432, 
5425, 
5417, 
5454, 
5435, 
5473, 
5538, 
5522, 
5524, 
5518, 
5476, 
5524, 
5512, 
5507, 
5519, 
5465, 
5515, 
5501, 
5554, 
5549, 
5514, 
5535, 
5561, 
5625, 
5591, 
5502, 
5518, 
5540, 
5471, 
5464, 
5401, 
5432, 
5398, 
5375, 
5392, 
5437, 
5400, 
5444, 
5437, 
5513, 
5506, 
5490, 
5475, 
5496, 
5453, 
5448, 
5457, 
5524, 
5481, 
5488, 
5485, 
5470, 
5524, 
5517, 
5499, 
5460, 
5478, 
5549, 
5591, 
5527, 
5499, 
5459, 
5458, 
5467, 
5493, 
5469, 
5542, 
5494, 
5520, 
5523, 
5518, 
5457, 
5476, 
5506, 
5500, 
5534, 
5516, 
5545, 
5524, 
5539, 
5473, 
5492, 
5481, 
5451, 
5401, 
5332, 
5369, 
5344, 
5352, 
5394, 
5400, 
5434, 
5440, 
5419, 
5393, 
5364, 
5360, 
5371, 
5403, 
5446, 
5473, 
5454, 
5444, 
5477, 
5530, 
5529, 
5509, 
5529, 
5495, 
5438, 
5542, 
5525, 
5481, 
5405, 
5393, 
5398, 
5390, 
5428, 
5406, 
5449, 
5419, 
5415, 
5385, 
5395, 
5408, 
5470, 
5471, 
5472, 
5572, 
5506, 
5484, 
5462, 
5442, 
5399, 
5441, 
5406, 
5367, 
5318, 
5343, 
5312, 
5362, 
5416, 
5443, 
5411, 
5487, 
5468, 
5437, 
5433, 
5474, 
5522, 
5459, 
5393, 
5419, 
5428, 
5462, 
5501, 
5469, 
5519, 
5507, 
5492, 
5477, 
5508, 
5517, 
5463, 
5480, 
5502, 
5607, 
5502, 
5450, 
5488, 
5458, 
5466, 
5475, 
5474, 
5470, 
5504, 
5523, 
5513, 
5536, 
5514, 
5487, 
5480, 
5418, 
5439, 
5444, 
5531, 
5573, 
5509, 
5525, 
5549, 
0