412, 
369, 
309, 
283, 
248, 
237, 
228, 
219, 
206, 
183, 
199, 
187, 
167, 
159, 
151, 
139, 
145, 
148, 
145, 
140, 
137, 
148, 
140, 
137, 
127, 
119, 
107, 
90, 
105, 
98, 
85, 
84, 
69, 
64, 
74, 
71, 
73, 
62, 
75, 
66, 
76, 
87, 
107, 
107, 
106, 
97, 
90, 
94, 
95, 
94, 
82, 
76, 
76, 
78, 
87, 
89, 
90, 
98, 
101, 
115, 
117, 
100, 
102, 
102, 
104, 
92, 
93, 
89, 
92, 
84, 
80, 
82, 
71, 
69, 
59, 
46, 
42, 
45, 
47, 
42, 
39, 
35, 
33, 
30, 
30, 
30, 
36, 
35, 
38, 
39, 
37, 
42, 
39, 
35, 
37, 
34, 
38, 
34, 
32, 
36, 
39, 
33, 
28, 
30, 
23, 
24, 
22, 
21, 
20, 
20, 
20, 
17, 
18, 
18, 
21, 
24, 
25, 
13, 
19, 
21, 
14, 
14, 
13, 
10, 
14, 
18, 
24, 
31, 
25, 
26, 
23, 
24, 
25, 
20, 
19, 
13, 
16, 
22, 
26, 
27, 
30, 
36, 
32, 
41, 
35, 
31, 
33, 
27, 
20, 
18, 
21, 
28, 
32, 
35, 
30, 
30, 
35, 
32, 
31, 
32, 
29, 
27, 
27, 
22, 
31, 
29, 
32, 
38, 
40, 
45, 
48, 
44, 
41, 
31, 
32, 
28, 
23, 
20, 
19, 
35, 
33, 
28, 
29, 
23, 
23, 
20, 
12, 
18, 
20, 
23, 
22, 
26, 
27, 
21, 
28, 
28, 
35, 
38, 
50, 
42, 
41, 
55, 
53, 
62, 
78, 
71, 
70, 
55, 
56, 
59, 
50, 
52, 
58, 
47, 
48, 
58, 
44, 
48, 
59, 
65, 
59, 
52, 
48, 
55, 
52, 
40, 
41, 
44, 
44, 
49, 
45, 
56, 
45, 
44, 
48, 
40, 
43, 
46, 
45, 
39, 
36, 
39, 
47, 
61, 
57, 
53, 
52, 
38, 
52, 
47, 
46, 
47, 
49, 
43, 
35, 
30, 
40, 
40, 
42, 
38, 
41, 
36, 
51, 
57, 
58, 
60, 
66, 
79, 
74, 
62, 
61, 
53, 
47, 
38, 
37, 
36, 
35, 
40, 
37, 
40, 
42, 
30, 
20, 
21, 
21, 
23, 
18, 
24, 
26, 
30, 
40, 
31, 
26, 
31, 
27, 
25, 
21, 
26, 
25, 
31, 
35, 
35, 
38, 
39, 
52, 
52, 
54, 
66, 
67, 
73, 
70, 
70, 
60, 
55, 
58, 
49, 
47, 
47, 
58, 
47, 
43, 
39, 
44, 
47, 
48, 
43, 
47, 
49, 
54, 
51, 
51, 
60, 
66, 
70, 
67, 
71, 
68, 
70, 
65, 
73, 
76, 
82, 
88, 
84, 
91, 
83, 
83, 
87, 
95, 
115, 
99, 
94, 
96, 
86, 
70, 
63, 
68, 
66, 
66, 
67, 
74, 
70, 
81, 
85, 
73, 
81, 
86, 
82, 
90, 
96, 
87, 
73, 
80, 
79, 
70, 
68, 
70, 
64, 
60, 
59, 
68, 
73, 
69, 
85, 
76, 
76, 
78, 
75, 
72, 
80, 
90, 
93, 
97, 
112, 
114, 
92, 
95, 
93, 
101, 
98, 
88, 
78, 
73, 
88, 
87, 
70, 
84, 
93, 
99, 
115, 
112, 
101, 
103, 
106, 
115, 
124, 
138, 
122, 
137, 
121, 
116, 
130, 
125, 
112, 
107, 
110, 
106, 
102, 
85, 
94, 
90, 
71, 
69, 
77, 
70, 
61, 
55, 
55, 
58, 
52, 
54, 
46, 
36, 
29, 
32, 
30, 
34, 
31, 
30, 
25, 
26, 
18, 
18, 
17, 
19, 
22, 
29, 
27, 
29, 
34, 
34, 
35, 
39, 
42, 
34, 
33, 
41, 
35, 
26, 
21, 
15, 
12, 
15, 
20, 
23, 
22, 
26, 
27, 
25, 
25, 
18, 
21, 
15, 
19, 
25, 
29, 
27, 
29, 
28, 
41, 
39, 
43, 
41, 
43, 
58, 
60, 
60, 
54, 
69, 
66, 
65, 
75, 
87, 
82, 
78, 
69, 
72, 
80, 
79, 
79, 
64, 
52, 
54, 
50, 
47, 
43, 
57, 
52, 
61, 
60, 
58, 
68, 
70, 
58, 
71, 
78, 
86, 
89, 
83, 
89, 
75, 
91, 
87, 
92, 
88, 
87, 
87, 
82, 
84, 
91, 
92, 
94, 
97, 
83, 
74, 
76, 
68, 
57, 
63, 
58, 
73, 
68, 
72, 
66, 
61, 
62, 
59, 
62, 
55, 
53, 
56, 
58, 
55, 
60, 
65, 
54, 
50, 
51, 
40, 
40, 
49, 
44, 
53, 
52, 
61, 
48, 
45, 
52, 
53, 
57, 
45, 
48, 
49, 
48, 
55, 
45, 
47, 
44, 
46, 
42, 
45, 
40, 
47, 
60, 
60, 
60, 
61, 
65, 
73, 
77, 
78, 
83, 
80, 
78, 
70, 
65, 
65, 
69, 
74, 
69, 
68, 
71, 
76, 
60, 
57, 
57, 
54, 
51, 
60, 
74, 
61, 
62, 
62, 
69, 
60, 
62, 
64, 
59, 
67, 
59, 
48, 
47, 
56, 
58, 
51, 
59, 
59, 
67, 
69, 
71, 
73, 
70, 
73, 
79, 
94, 
85, 
91, 
96, 
103, 
93, 
88, 
89, 
78, 
89, 
86, 
87, 
95, 
85, 
75, 
70, 
62, 
67, 
64, 
64, 
65, 
59, 
70, 
65, 
52, 
56, 
49, 
52, 
57, 
60, 
63, 
70, 
68, 
67, 
65, 
62, 
62, 
45, 
44, 
33, 
32, 
38, 
38, 
41, 
50, 
54, 
56, 
55, 
55, 
48, 
44, 
36, 
38, 
35, 
25, 
22, 
31, 
29, 
38, 
40, 
36, 
36, 
31, 
33, 
26, 
27, 
31, 
31, 
34, 
31, 
31, 
27, 
32, 
31, 
37, 
34, 
38, 
41, 
39, 
34, 
41, 
36, 
43, 
41, 
36, 
38, 
39, 
38, 
34, 
34, 
37, 
39, 
47, 
47, 
49, 
59, 
60, 
44, 
50, 
68, 
64, 
68, 
72, 
76, 
83, 
81, 
73, 
82, 
82, 
83, 
88, 
80, 
68, 
66, 
72, 
74, 
70, 
77, 
71, 
71, 
60, 
65, 
76, 
89, 
75, 
85, 
90, 
94, 
93, 
97, 
99, 
89, 
104, 
95, 
98, 
104, 
95, 
108, 
92, 
82, 
82, 
74, 
73, 
80, 
84, 
89, 
96, 
99, 
68, 
86, 
91, 
95, 
94, 
107, 
118, 
115, 
115, 
91, 
98, 
86, 
95, 
87, 
80, 
87, 
94, 
80, 
77, 
89, 
98, 
79, 
89, 
91, 
98, 
97, 
92, 
78, 
84, 
77, 
66, 
59, 
70, 
63, 
58, 
66, 
84, 
78, 
75, 
69, 
70, 
70, 
72, 
69, 
80, 
86, 
91, 
90, 
97, 
93, 
97, 
97, 
105, 
88, 
91, 
89, 
89, 
85, 
88, 
82, 
82, 
70, 
79, 
78, 
81, 
85, 
74, 
75, 
64, 
61, 
50, 
50, 
59, 
69, 
68, 
75, 
73, 
71, 
70, 
66, 
65, 
59, 
58, 
61, 
53, 
49, 
44, 
45, 
46, 
43, 
41, 
35, 
43, 
44, 
41, 
39, 
38, 
46, 
46, 
51, 
54, 
53, 
56, 
51, 
56, 
53, 
49, 
46, 
42, 
51, 
49, 
62, 
60, 
52, 
53, 
74, 
70, 
60, 
66, 
77, 
80, 
77, 
81, 
84, 
85, 
91, 
80, 
86, 
91, 
85, 
97, 
83, 
92, 
108, 
113, 
95, 
84, 
77, 
66, 
53, 
55, 
50, 
48, 
49, 
52, 
56, 
64, 
66, 
77, 
77, 
79, 
90, 
81, 
79, 
91, 
104, 
111, 
112, 
101, 
95, 
86, 
87, 
94, 
99, 
102, 
105, 
100, 
89, 
85, 
85, 
97, 
90, 
71, 
60, 
54, 
53, 
64, 
58, 
51, 
60, 
56, 
54, 
52, 
43, 
39, 
45, 
59, 
49, 
55, 
52, 
53, 
58, 
62, 
72, 
68, 
66, 
61, 
68, 
62, 
54, 
62, 
70, 
62, 
61, 
60, 
56, 
54, 
