39616, 
33830, 
30086, 
26858, 
24692, 
22695, 
21379, 
20167, 
19283, 
18463, 
17807, 
17059, 
16366, 
15992, 
15370, 
15046, 
14672, 
14305, 
14067, 
13810, 
13749, 
13561, 
13185, 
13062, 
12958, 
12988, 
12808, 
12648, 
12760, 
12666, 
12526, 
12460, 
12142, 
12109, 
12194, 
12027, 
11838, 
11888, 
11986, 
11803, 
11831, 
11793, 
11660, 
11665, 
11448, 
11288, 
11385, 
11459, 
11603, 
11686, 
11650, 
11618, 
11522, 
11302, 
11160, 
11131, 
11067, 
11167, 
11189, 
11272, 
11254, 
11261, 
11387, 
11445, 
11518, 
11414, 
11402, 
11472, 
11505, 
11583, 
11596, 
11621, 
11621, 
11514, 
11518, 
11504, 
11385, 
11484, 
11311, 
11514, 
11486, 
11617, 
11654, 
11559, 
11587, 
11333, 
11289, 
10989, 
10974, 
10953, 
10942, 
10911, 
10982, 
11038, 
11103, 
11109, 
11183, 
11149, 
11114, 
11066, 
11088, 
11040, 
10823, 
10920, 
10824, 
10899, 
10855, 
10867, 
10791, 
10930, 
10776, 
11028, 
10857, 
10714, 
10656, 
10714, 
10771, 
10776, 
10649, 
10550, 
10344, 
10391, 
10382, 
10438, 
10340, 
10378, 
10508, 
10328, 
10306, 
10524, 
10653, 
10641, 
10548, 
10698, 
10772, 
10720, 
10626, 
10602, 
10438, 
10543, 
10576, 
10638, 
10826, 
10850, 
10861, 
10897, 
10910, 
10909, 
11048, 
11123, 
11159, 
11167, 
11266, 
11268, 
11241, 
11067, 
11175, 
11012, 
11140, 
10998, 
11024, 
11132, 
11164, 
11177, 
11134, 
11139, 
11093, 
11092, 
11087, 
11180, 
11267, 
11171, 
11153, 
11126, 
11016, 
10967, 
10937, 
10954, 
10858, 
10897, 
10821, 
10863, 
10963, 
10888, 
10844, 
10850, 
10872, 
10947, 
10928, 
10909, 
11160, 
11050, 
10986, 
10966, 
10956, 
11012, 
11047, 
10821, 
10872, 
10852, 
10836, 
10866, 
10877, 
10854, 
10798, 
10663, 
10602, 
10561, 
10563, 
10610, 
10624, 
10651, 
10640, 
10668, 
10590, 
10677, 
10592, 
10526, 
10505, 
10448, 
10383, 
10392, 
10331, 
10358, 
10423, 
10379, 
10448, 
10550, 
10365, 
10182, 
10352, 
10442, 
10394, 
10289, 
10195, 
10260, 
10321, 
10229, 
10183, 
10263, 
10379, 
10437, 
10546, 
10647, 
10610, 
10675, 
10793, 
10789, 
10808, 
10907, 
10931, 
10954, 
10920, 
10861, 
10873, 
10889, 
10809, 
10602, 
10622, 
10582, 
10527, 
10395, 
10417, 
10442, 
10603, 
10506, 
10374, 
10236, 
10242, 
10147, 
10171, 
10160, 
10121, 
9869, 
9861, 
9935, 
10086, 
10094, 
10108, 
10188, 
10214, 
10272, 
10341, 
10415, 
10571, 
10658, 
10615, 
10556, 
10571, 
10435, 
10435, 
10538, 
10589, 
10543, 
10267, 
10300, 
10283, 
10307, 
10267, 
10243, 
10183, 
10170, 
10241, 
10220, 
10289, 
10148, 
10161, 
10212, 
10281, 
10500, 
10619, 
10583, 
10660, 
10591, 
10532, 
10434, 
10238, 
10283, 
10277, 
10505, 
10346, 
10300, 
10367, 
10385, 
10370, 
10506, 
10437, 
10474, 
10384, 
10486, 
10482, 
10563, 
10676, 
10698, 
10785, 
10820, 
10793, 
10740, 
10797, 
10764, 
10797, 
10561, 
10585, 
10573, 
10526, 
10558, 
10624, 
10698, 
10707, 
10699, 
10614, 
10665, 
10660, 
10811, 
10998, 
10957, 
10825, 
10892, 
10956, 
10960, 
10907, 
10980, 
10881, 
10868, 
10831, 
10649, 
10654, 
10631, 
10753, 
10704, 
10646, 
10689, 
10663, 
10637, 
10723, 
10644, 
10446, 
10479, 
10377, 
10534, 
10545, 
10573, 
10719, 
10693, 
10786, 
10681, 
10493, 
10519, 
10774, 
10867, 
11009, 
10858, 
10761, 
10829, 
10942, 
11030, 
10907, 
10944, 
10973, 
11012, 
10885, 
10791, 
10700, 
10614, 
10618, 
10570, 
10481, 
10485, 
10446, 
10244, 
10320, 
10361, 
10403, 
10459, 
10377, 
10488, 
10485, 
10596, 
10422, 
10473, 
10418, 
10638, 
10550, 
10524, 
10593, 
10573, 
10740, 
10599, 
10457, 
10534, 
10580, 
10589, 
10787, 
10569, 
10504, 
10486, 
10515, 
10472, 
10493, 
10451, 
10495, 
10512, 
10373, 
10377, 
10273, 
10190, 
10234, 
10229, 
10325, 
10432, 
10514, 
10578, 
10553, 
10533, 
10620, 
10621, 
10662, 
10489, 
10595, 
10698, 
10608, 
10582, 
10694, 
10734, 
10862, 
10752, 
10751, 
10650, 
10785, 
10940, 
10904, 
10876, 
10835, 
10917, 
10823, 
10957, 
11197, 
11360, 
11364, 
11316, 
11209, 
11134, 
11129, 
11249, 
11290, 
11329, 
11223, 
11206, 
11167, 
11167, 
11299, 
11382, 
11246, 
11132, 
10945, 
10955, 
10933, 
10838, 
10914, 
10927, 
10912, 
11021, 
10977, 
10851, 
10798, 
10756, 
10723, 
10637, 
10645, 
10597, 
10618, 
10498, 
10501, 
10528, 
10576, 
10549, 
10422, 
10672, 
10700, 
10780, 
10692, 
10789, 
10750, 
10862, 
10761, 
10916, 
11029, 
11027, 
10981, 
10951, 
10802, 
10771, 
10774, 
10555, 
10660, 
10853, 
10867, 
10787, 
10886, 
11013, 
11065, 
11027, 
11046, 
11000, 
10933, 
10906, 
10835, 
10900, 
10967, 
10887, 
10921, 
11009, 
10904, 
10694, 
10803, 
10818, 
10805, 
10747, 
10762, 
10962, 
10984, 
11073, 
10979, 
10915, 
10828, 
10835, 
10761, 
10728, 
10765, 
10666, 
10784, 
10844, 
10704, 
10654, 
10633, 
10604, 
10643, 
10795, 
10658, 
10583, 
10777, 
10655, 
10531, 
10472, 
10439, 
10623, 
10667, 
10579, 
10755, 
10788, 
10740, 
10677, 
10624, 
10674, 
10716, 
10685, 
10691, 
10772, 
10766, 
10846, 
10977, 
11038, 
11139, 
11170, 
11271, 
11475, 
11392, 
11367, 
11283, 
11235, 
11072, 
11000, 
10897, 
10841, 
11040, 
11107, 
11012, 
10967, 
10955, 
11054, 
11073, 
11130, 
11129, 
11065, 
10961, 
11068, 
11136, 
11088, 
10944, 
11024, 
10979, 
10987, 
10925, 
11087, 
11135, 
11074, 
11027, 
11208, 
11078, 
10945, 
10940, 
10774, 
10843, 
10875, 
10729, 
10711, 
10729, 
10740, 
10854, 
10626, 
10673, 
10858, 
10727, 
10807, 
10825, 
10934, 
10936, 
10854, 
10806, 
10720, 
10708, 
10651, 
10610, 
10536, 
10665, 
10704, 
10685, 
10612, 
10541, 
10603, 
10573, 
10527, 
10495, 
10331, 
10378, 
10632, 
10644, 
10651, 
10738, 
10812, 
10956, 
11087, 
11182, 
11182, 
11077, 
11000, 
10839, 
10882, 
10850, 
10829, 
10829, 
10920, 
10885, 
10884, 
10860, 
10705, 
10690, 
10834, 
10956, 
11031, 
11016, 
10978, 
11123, 
11044, 
10954, 
10983, 
11051, 
10750, 
10668, 
10587, 
10645, 
10688, 
10717, 
10795, 
10664, 
10760, 
10591, 
10431, 
10624, 
10595, 
10559, 
10706, 
10737, 
10792, 
10756, 
10584, 
10600, 
10709, 
10618, 
10628, 
10580, 
10590, 
10610, 
10574, 
10453, 
10441, 
10350, 
10358, 
10358, 
10344, 
10417, 
10468, 
10491, 
10603, 
10508, 
10634, 
10604, 
10599, 
10673, 
10841, 
10925, 
10844, 
10752, 
10790, 
10873, 
10849, 
10761, 
10688, 
10749, 
10903, 
11002, 
10997, 
11019, 
10832, 
10727, 
10769, 
10889, 
10767, 
10677, 
10700, 
10603, 
10874, 
10866, 
10902, 
10965, 
11078, 
11078, 
11124, 
11073, 
11101, 
11079, 
11083, 
11080, 
10881, 
10859, 
10675, 
10465, 
10622, 
10584, 
10486, 
10534, 
10638, 
10802, 
10944, 
10895, 
10706, 
10823, 
10720, 
10821, 
10666, 
10511, 
10573, 
10519, 
10628, 
10655, 
10684, 
10619, 
10648, 
10479, 
10407, 
10484, 
10654, 
10686, 
10770, 
10923, 
10807, 
10863, 
11074, 
11052, 
10936, 
10815, 
10926, 
10863, 
10906, 
10822, 
10883, 
10970, 
10872, 
11014, 
11037, 
11033, 
10990, 
10843, 
10866, 
10705, 
10748, 
10773, 
10777, 
10925, 
10911, 
10828, 
10970, 
11055, 
10958, 
11038, 
11176, 
11154, 
11113, 
11177, 
11137, 
11074, 
11017, 
11069, 
11045, 
10800, 
10703, 
10781, 
10802, 
10709, 
10608, 
10739, 
10654, 
10705, 
10685, 
10685, 
10589, 
10642, 
10697, 
10621, 
10598, 
10622, 
10799, 
10864, 
10862, 
10907, 
10905, 
10887, 
10961, 
10919, 
10934, 
10923, 
10784, 
10811, 
10578, 
10615, 
10707, 
10692, 
10706, 
10575, 
10682, 
10607, 
10507, 
10554, 
10574, 
10525, 
10512, 
10599, 
10512, 
10409, 
10512, 
10484, 
10519, 
10434, 
10509, 
10523, 
10584, 
10696, 
10608, 
10652, 
10522, 
10423, 
10468, 
10595, 
10482, 
10564, 
10621, 
10696, 
10823, 
10888, 
10925, 
10923, 
10816, 
10801, 
10676, 
10677, 
10583, 
10539, 
10472, 
10585, 
10721, 
10745, 
10843, 
10949, 
11054, 
11021, 
10954, 
11029, 
10882, 
10931, 
11142, 
11125, 
11176, 
11131, 
11033, 
11009, 
11034, 
10964, 
10809, 
10936, 
10922, 
10797, 
11003, 
10905, 
10969, 
10794, 
10755, 
10836, 
10785, 
10760, 
10651, 
10659, 
10640, 
10575, 
10699, 
10643, 
10667, 
10727, 
10736, 
10895, 
10840, 
10794, 
10827, 
10810, 
10667, 
10597, 
10543, 
10529, 
10602, 
10578, 
10601, 
10444, 
10250, 
10356, 
10388, 
10425, 
10458, 
10544, 
10366, 
10332, 
10329, 
10431, 
10390, 
10507, 
10516, 
10591, 
10485, 
10377, 
10334, 
10419, 
10454, 
10334, 
10327, 
10375, 
10415, 
10442, 
10467, 
10605, 
10765, 
10883, 
10790, 
10771, 
10803, 
10953, 
11047, 
10815, 
10734, 
10769, 
10903, 
10702, 
10848, 
10730, 
10703, 
10870, 
10797, 
10891, 
10766, 
10909, 
10925, 
10914, 
10877, 
10901, 
10825, 
10788, 
10615, 
10669, 
10630, 
10655, 
10524, 
10481, 
10541, 
10440, 
10393, 
10565, 
10593, 
10808, 
10915, 
10762, 
10795, 
10872, 
10868, 
10916, 
10993, 
10969, 
11144, 
10891, 
10953, 
10877, 
10878, 
10868, 
10969, 
11130, 
11107, 
11041, 
11142, 
11233, 
11110, 
11011, 
10897, 
10835, 
10798, 
10819, 
10882, 
10843, 
10927, 
10993, 
11083, 
11240, 
11235, 
11162, 
11207, 
11253, 
11205, 
11113, 
10836, 
10723, 
10749, 
10697, 
10808, 
10846, 
10791, 
10883, 
11034, 
11002, 
10978, 
10917, 
10938, 
10997, 
10941, 
10865, 
10724, 
10722, 
10840, 
10630, 
10619, 
10526, 
10452, 
10590, 
10475, 
10364, 
10286, 
10378, 
10483, 
10471, 
10519, 
10554, 
10505, 
10374, 
10219, 
10139, 
10126, 
10172, 
10232, 
10255, 
10342, 
10169, 
10441, 
10445, 
10344, 
10410, 
10507, 
10391, 
10529, 
10554, 
10600, 
10562, 
10477, 
10576, 
10539, 
10683, 
10690, 
10734, 
10628, 
10593, 
10636, 
10482, 
10472, 
10567, 
10527, 
10601, 
10504, 
10621, 
10491, 
10602, 
10693, 
10577, 
10451, 
10552, 
10524, 
10651, 
10580, 
10672, 
10806, 
10805, 
10647, 
10613, 
10648, 
10742, 
10683, 
10677, 
10658, 
10495, 
10568, 
10583, 
10682, 
10541, 
10551, 
10499, 
10630, 
10650, 
10561, 
10577, 
10399, 
10552, 
10555, 
10636, 
10538, 
10588, 
10432, 
10464, 
10528, 
10483, 
10516, 
10439, 
10444, 
10507, 
10453, 
10375, 
10374, 
10297, 
10373, 
10461, 
10462, 
10644, 
10603, 
10611, 
10643, 
10775, 
10717, 
10634, 
10625, 
10536, 
10613, 
10758, 
10649, 
10742, 
10628, 
10719, 
10636, 
10687, 
10611, 
10639, 
10669, 
10719, 
10763, 
10817, 
10899, 
10910, 
11006, 
11070, 
11165, 
11030, 
10998, 
11097, 
11070, 
11160, 
11131, 
11122, 
11133, 
11056, 
10891, 
10845, 
10818, 
10675, 
10693, 
10698, 
10816, 
10715, 
10557, 
10371, 
10225, 
10251, 
10303, 
10328, 
10373, 
10422, 
10488, 
10463, 
10409, 
10422, 
10436, 
10537, 
10477, 
10458, 
10329, 
10161, 
10229, 
10157, 
10249, 
10177, 
10128, 
10211, 
10185, 
10272, 
10287, 
10316, 
10445, 
10470, 
10381, 
10315, 
10291, 
10182, 
10249, 
10177, 
10257, 
10203, 
10436, 
10510, 
10627, 
10708, 
10632, 
10544, 
10623, 
10598, 
10662, 
10608, 
10536, 
10682, 
10715, 
11069, 
10990, 
11058, 
10851, 
10772, 
10708, 
10546, 
10590, 
10589, 
10452, 
10422, 
10482, 
10488, 
10633, 
10777, 
10827, 
10932, 
10782, 
10774, 
10862, 
10742, 
10753, 
10654, 
10669, 
10769, 
10889, 
10886, 
10850, 
10760, 
10760, 
10766, 
10740, 
10735, 
10785, 
10837, 
10758, 
10922, 
10793, 
10858, 
10827, 
10828, 
10925, 
10794, 
10812, 
10916, 
10929, 
10866, 
10787, 
10847, 
10961, 
10869, 
10952, 
10893, 
10928, 
10940, 
10784, 
10847, 
10802, 
10819, 
10835, 
10871, 
10789, 
10811, 
10633, 
10641, 
10667, 
10743, 
10942, 
10890, 
10831, 
10932, 
10938, 
11037, 
10975, 
10895, 
10802, 
10882, 
10779, 
10566, 
10477, 
10525, 
10625, 
10837, 
10842, 
10950, 
10932, 
10950, 
11014, 
11010, 
10965, 
11116, 
10986, 
10985, 
11142, 
11033, 
11113, 
11215, 
11251, 
11165, 
11234, 
11183, 
11111, 
11021, 
11088, 
11070, 
11009, 
11042, 
10949, 
11042, 
10817, 
11077, 
11068, 
11158, 
11213, 
11141, 
11225, 
11080, 
11016, 
10892, 
10837, 
10759, 
10769, 
10731, 
10684, 
10614, 
10483, 
10468, 
10580, 
10665, 
10733, 
10936, 
10885, 
10915, 
10991, 
11138, 
11105, 
11001, 
11158, 
11157, 
11198, 
11092, 
10977, 
11040, 
11054, 
10931, 
10893, 
10919, 
10900, 
10784, 
10782, 
10858, 
10847, 
10950, 
11126, 
11193, 
11220, 
11356, 
11395, 
11268, 
11089, 
10929, 
11004, 
10955, 
10890, 
10907, 
10818, 
10853, 
10900, 
10851, 
10809, 
10787, 
10950, 
11004, 
10933, 
10816, 
10737, 
10711, 
10627, 
10573, 
10691, 
10699, 
10708, 
10639, 
10773, 
10701, 
10629, 
10643, 
10776, 
10798, 
10743, 
10836, 
10641, 
10640, 
10514, 
10441, 
10290, 
10266, 
10327, 
10478, 
10489, 
10487, 
10562, 
10568, 
10635, 
10636, 
10672, 
10640, 
10611, 
10451, 
10360, 
10344, 
10208, 
10329, 
10241, 
10397, 
10301, 
10168, 
10083, 
10127, 
10145, 
10091, 
10345, 
10335, 
10269, 
10300, 
10250, 
10308, 
10348, 
10492, 
10337, 
10326, 
10625, 
10618, 
10671, 
10591, 
10624, 
10670, 
10677, 
10889, 
10903, 
10860, 
10827, 
10971, 
10946, 
10833, 
10731, 
10646, 
10614, 
10535, 
10508, 
10440, 
10450, 
10464, 
10426, 
10389, 
10497, 
10526, 
10463, 
10453, 
10713, 
10738, 
10811, 
10838, 
10887, 
10859, 
11002, 
11028, 
10847, 
10841, 
10962, 
10966, 
10783, 
10924, 
10961, 
10901, 
10899, 
10787, 
10681, 
10714, 
10695, 
10710, 
10649, 
10717, 
10677, 
10571, 
10463, 
10336, 
10238, 
10323, 
10401, 
10577, 
10430, 
10562, 
10661, 
10837, 
10955, 
10829, 
10740, 
10781, 
10819, 
10908, 
10695, 
10605, 
10687, 
10635, 
10705, 
10721, 
10630, 
10574, 
10611, 
10508, 
10539, 
10534, 
10706, 
10581, 
10638, 
10733, 
10759, 
10843, 
10709, 
10560, 
10621, 
10672, 
10790, 
10785, 
10686, 
10728, 
10804, 
10987, 
11043, 
10823, 
10968, 
10755, 
10845, 
10899, 
10720, 
10661, 
10550, 
10531, 
10445, 
10333, 
10283, 
10444, 
10666, 
10700, 
10670, 
10692, 
10787, 
10826, 
10705, 
10852, 
10908, 
10944, 
10788, 
10776, 
10700, 
10917, 
10926, 
10998, 
10958, 
10778, 
10735, 
10709, 
10605, 
10666, 
10702, 
10664, 
10437, 
10476, 
10519, 
10414, 
10363, 
10682, 
10715, 
10670, 
10522, 
10680, 
10785, 
10819, 
10915, 
10941, 
10947, 
10774, 
10693, 
10548, 
10557, 
10511, 
10600, 
10614, 
10665, 
10611, 
10563, 
10464, 
10500, 
10507, 
10495, 
10373, 
10291, 
10387, 
10363, 
10328, 
10388, 
10504, 
10489, 
10542, 
10567, 
10666, 
10829, 
10728, 
10571, 
10567, 
10548, 
10713, 
10523, 
10409, 
10534, 
10378, 
10417, 
10519, 
10629, 
10529, 
10533, 
10510, 
10540, 
10660, 
10568, 
10517, 
10503, 
10525, 
10654, 
10677, 
10758, 
10735, 
10516, 
10619, 
10750, 
10816, 
10739, 
10714, 
10909, 
10833, 
10806, 
10818, 
10817, 
10838, 
10845, 
10934, 
10979, 
11060, 
11039, 
11183, 
11252, 
11108, 
11120, 
11039, 
10989, 
11014, 
11008, 
10976, 
11060, 
10877, 
10858, 
11046, 
10869, 
10915, 
10985, 
10895, 
10930, 
11177, 
11058, 
10917, 
10960, 
10971, 
10908, 
10746, 
10834, 
10808, 
10892, 
10838, 
10827, 
10882, 
11014, 
11095, 
11135, 
10971, 
11049, 
11226, 
11343, 
11255, 
11352, 
11530, 
11229, 
11109, 
11020, 
10973, 
10999, 
10991, 
11162, 
11232, 
10890, 
11005, 
10967, 
10969, 
10751, 
10771, 
10869, 
10859, 
10970, 
11092, 
11036, 
11132, 
11075, 
11008, 
10852, 
10931, 
10767, 
10775, 
10647, 
10657, 
10679, 
10599, 
10471, 
10381, 
10551, 
10538, 
10648, 
10634, 
10633, 
10667, 
10695, 
10861, 
10922, 
10885, 
11031, 
10945, 
10849, 
10837, 
10847, 
10711, 
10616, 
10679, 
10767, 
10570, 
10494, 
10570, 
10855, 
10789, 
10801, 
10720, 
10663, 
10689, 
10694, 
10586, 
10630, 
10700, 
10669, 
10739, 
10699, 
10800, 
10848, 
11027, 
11042, 
10940, 
10828, 
10715, 
10765, 
10763, 
10659, 
10659, 
10510, 
10515, 
10540, 
10641, 
10569, 
10426, 
10499, 
10511, 
10577, 
10486, 
10596, 
10590, 
10503, 
10573, 
10664, 
10766, 
10685, 
10714, 
10709, 
10603, 
10556, 
10485, 
10404, 
10611, 
10470, 
10527, 
10582, 
10498, 
10415, 
10354, 
10394, 
10281, 
10315, 
10203, 
10379, 
10415, 
10481, 
10462, 
10491, 
10586, 
10624, 
10583, 
10591, 
10603, 
10561, 
10491, 
10581, 
10791, 
10862, 
10988, 
10835, 
10812, 
10801, 
10881, 
11007, 
11167, 
11134, 
11093, 
11015, 
11045, 
10956, 
10893, 
10917, 
10929, 
10919, 
11053, 
11001, 
10926, 
10872, 
10737, 
10721, 
10713, 
10767, 
10740, 
10765, 
10792, 
10694, 
10801, 
10851, 
10776, 
10878, 
10974, 
11003, 
10965, 
10788, 
10779, 
10920, 
11038, 
11034, 
11068, 
11013, 
11044, 
10871, 
10734, 
10839, 
10665, 
10536, 
10448, 
10478, 
10541, 
10451, 
10540, 
10632, 
10692, 
10574, 
10631, 
10580, 
10610, 
10572, 
10467, 
10445, 
10464, 
10329, 
10218, 
10251, 
10204, 
10135, 
10292, 
10301, 
10110, 
10096, 
10034, 
10080, 
10196, 
10220, 
10181, 
10297, 
10438, 
10417, 
10391, 
10333, 
10396, 
10513, 
10483, 
10562, 
10797, 
10823, 
10874, 
11067, 
11054, 
11063, 
10928, 
11011, 
11043, 
11114, 
11217, 
11020, 
10821, 
10789, 
10798, 
10733, 
10720, 
10658, 
10508, 
10580, 
10622, 
10609, 
10489, 
10534, 
10594, 
10527, 
10514, 
10461, 
10517, 
10714, 
10655, 
10690, 
10805, 
10736, 
10764, 
10655, 
10633, 
10680, 
10807, 
10945, 
10871, 
10764, 
10536, 
10631, 
10603, 
10697, 
10562, 
10786, 
10861, 
10928, 
10793, 
10735, 
10709, 
10513, 
10633, 
10770, 
10880, 
10719, 
10780, 
10761, 
10894, 
10838, 
10735, 
10707, 
10764, 
10807, 
10704, 
10793, 
10764, 
10806, 
10738, 
10691, 
10661, 
10503, 
10446, 
10436, 
10381, 
10373, 
10236, 
10203, 
10293, 
10338, 
10461, 
10408, 
10590, 
10527, 
10579, 
10542, 
10677, 
10472, 
10424, 
10598, 
10591, 
10780, 
10913, 
11056, 
11172, 
11091, 
10986, 
11156, 
11145, 
11215, 
11126, 
11089, 
10962, 
10837, 
10693, 
10775, 
10817, 
10719, 
10828, 
10846, 
10750, 
10816, 
10634, 
10660, 
10509, 
10634, 
10552, 
10689, 
10725, 
10758, 
10752, 
10787, 
10698, 
10512, 
10576, 
10569, 
10608, 
10420, 
10481, 
10517, 
10371, 
10162, 
10272, 
10095, 
10064, 
9994, 
10110, 
10191, 
10173, 
10213, 
10364, 
10290, 
10228, 
10322, 
10456, 
10338, 
10342, 
10269, 
10253, 
10261, 
10421, 
10399, 
10308, 
10388, 
10431, 
10352, 
10396, 
10323, 
10255, 
10263, 
10215, 
10135, 
10178, 
10096, 
10149, 
10128, 
10154, 
10238, 
10300, 
10260, 
10336, 
10476, 
10673, 
10763, 
10639, 
10635, 
10510, 
10424, 
10481, 
10647, 
10720, 
10779, 
10819, 
10606, 
10696, 
10852, 
10807, 
11006, 
11098, 
11012, 
11136, 
10955, 
10924, 
10957, 
10906, 
11012, 
10976, 
10774, 
10717, 
10580, 
10640, 
10873, 
10760, 
10584, 
10591, 
10526, 
10496, 
10588, 
10690, 
10679, 
10696, 
10626, 
10799, 
10951, 
11057, 
11078, 
11127, 
11059, 
11117, 
11165, 
11160, 
10975, 
10926, 
10965, 
11068, 
11078, 
11093, 
10995, 
10956, 
10888, 
10835, 
10971, 
10984, 
10966, 
10919, 
11038, 
11260, 
11344, 
11271, 
11309, 
11367, 
11476, 
11588, 
11647, 
11714, 
11782, 
11657, 
11555, 
11523, 
11468, 
11306, 
11227, 
11383, 
11347, 
11217, 
11010, 
11156, 
11019, 
10976, 
10830, 
10815, 
10814, 
10722, 
10672, 
10608, 
10696, 
10709, 
10626, 
10816, 
10719, 
10713, 
10717, 
10749, 
10794, 
10714, 
10784, 
11018, 
11119, 
11108, 
11252, 
11064, 
10971, 
10822, 
10787, 
10902, 
10859, 
10935, 
10914, 
10949, 
10861, 
11004, 
10919, 
11039, 
11155, 
11306, 
11466, 
11321, 
11280, 
11297, 
11305, 
11172, 
11132, 
11112, 
11142, 
11290, 
11273, 
11321, 
11180, 
11147, 
11345, 
11269, 
11241, 
11226, 
11140, 
11162, 
11042, 
11127, 
10942, 
10893, 
10941, 
11075, 
10994, 
10835, 
10890, 
10868, 
10780, 
10754, 
10849, 
10965, 
10983, 
10873, 
10900, 
11011, 
11026, 
11224, 
11151, 
11213, 
11188, 
11249, 
11261, 
11208, 
11091, 
11159, 
11091, 
11015, 
10859, 
10719, 
10699, 
10801, 
10768, 
10660, 
10571, 
10814, 
10860, 
10727, 
10827, 
10912, 
10881, 
10846, 
10992, 
10958, 
10863, 
10771, 
10811, 
10756, 
10808, 
10737, 
10760, 
10679, 
10731, 
10694, 
10727, 
10837, 
10857, 
10723, 
10748, 
10753, 
10646, 
10531, 
10588, 
10701, 
10605, 
10540, 
10591, 
10565, 
10586, 
10582, 
10673, 
10798, 
10749, 
10809, 
10675, 
10833, 
10772, 
10779, 
10770, 
10783, 
10963, 
10908, 
10792, 
10819, 
10806, 
10941, 
10862, 
10870, 
10850, 
10554, 
10616, 
10570, 
10626, 
10773, 
10821, 
10955, 
11085, 
10895, 
10903, 
10761, 
10954, 
10695, 
10589, 
10612, 
10589, 
10651, 
10662, 
10552, 
10518, 
10453, 
10411, 
10312, 
10302, 
10271, 
10345, 
10337, 
10366, 
10470, 
10461, 
10377, 
10140, 
10212, 
10280, 
10443, 
10414, 
10627, 
10533, 
10510, 
10367, 
10243, 
10228, 
10118, 
10071, 
10196, 
10169, 
10267, 
10332, 
10331, 
10167, 
10088, 
10260, 
10390, 
10555, 
10587, 
10597, 
10589, 
10602, 
10725, 
10459, 
10482, 
10542, 
10615, 
10601, 
10493, 
10508, 
10615, 
10560, 
10634, 
10563, 
10472, 
10446, 
10456, 
10584, 
10660, 
10597, 
10537, 
10600, 
10623, 
10570, 
10601, 
10510, 
10768, 
10878, 
10895, 
11080, 
11154, 
11162, 
11093, 
11013, 
10940, 
10864, 
10572, 
10707, 
10546, 
10680, 
10728, 
10746, 
10649, 
10686, 
10667, 
10724, 
10818, 
10747, 
10755, 
10717, 
10772, 
10815, 
10635, 
10645, 
10715, 
10690, 
10642, 
10739, 
10666, 
10623, 
10676, 
10692, 
10689, 
10603, 
10568, 
10447, 
10376, 
10444, 
10617, 
10619, 
10487, 
10564, 
10691, 
10606, 
10700, 
10655, 
10729, 
10902, 
10800, 
10790, 
10810, 
10860, 
10885, 
10979, 
10956, 
10832, 
10891, 
10869, 
10966, 
10834, 
10899, 
11007, 
10759, 
10505, 
10637, 
10634, 
10495, 
10681, 
10886, 
10600, 
10670, 
10648, 
10561, 
10578, 
10787, 
10794, 
10718, 
10802, 
10729, 
10720, 
10772, 
10813, 
10879, 
10779, 
10895, 
10854, 
10778, 
10652, 
10594, 
10604, 
10652, 
10713, 
10711, 
10570, 
10689, 
10670, 
10742, 
10732, 
10861, 
10767, 
10799, 
10912, 
10874, 
10814, 
10564, 
10522, 
10367, 
10290, 
10367, 
10393, 
10442, 
10444, 
10459, 
10536, 
10599, 
10535, 
10594, 
10462, 
10562, 
10612, 
10706, 
10794, 
10855, 
10687, 
10702, 
10809, 
10721, 
10678, 
10647, 
10631, 
10774, 
10672, 
10732, 
10754, 
10863, 
10873, 
11011, 
11085, 
10964, 
10985, 
11018, 
10931, 
10834, 
10871, 
11097, 
11122, 
11151, 
11076, 
10915, 
10851, 
10952, 
11040, 
10934, 
10834, 
10842, 
10860, 
10690, 
10659, 
10758, 
10686, 
10519, 
10472, 
10537, 
10538, 
10353, 
10304, 
10371, 
10367, 
10550, 
10503, 
10346, 
10379, 
10374, 
10396, 
10496, 
10570, 
10275, 
10366, 
10438, 
10575, 
10602, 
10584, 
10469, 
10281, 
10303, 
10454, 
10760, 
10973, 
10775, 
10640, 
10569, 
10575, 
10446, 
10523, 
10579, 
10595, 
10703, 
10742, 
10774, 
10675, 
10563, 
10708, 
10697, 
10834, 
10854, 
10793, 
10780, 
10712, 
10536, 
10629, 
10453, 
10539, 
10659, 
10588, 
10512, 
10552, 
10674, 
10572, 
10421, 
10325, 
10354, 
10344, 
10274, 
10216, 
10108, 
10184, 
10381, 
10257, 
10369, 
10530, 
10538, 
10580, 
10646, 
10716, 
10849, 
10729, 
10619, 
10473, 
10564, 
10539, 
10501, 
10728, 
10793, 
10776, 
10666, 
10552, 
10559, 
10479, 
10476, 
10507, 
10598, 
10560, 
10350, 
10601, 
10694, 
10735, 
10905, 
10798, 
10702, 
10817, 
10704, 
10550, 
10543, 
10508, 
10391, 
10482, 
10740, 
10653, 
10637, 
10836, 
10823, 
10775, 
10855, 
10916, 
11012, 
10923, 
10826, 
10821, 
10873, 
10874, 
10778, 
10618, 
10718, 
10588, 
10685, 
10788, 
10882, 
11047, 
10997, 
10822, 
10748, 
10574, 
10659, 
10651, 
10581, 
10776, 
10852, 
10640, 
10631, 
10543, 
10596, 
10794, 
10870, 
10913, 
10877, 
10853, 
10911, 
10975, 
10879, 
11009, 
10989, 
10957, 
10877, 
10855, 
10840, 
10770, 
10933, 
10886, 
10845, 
10938, 
10888, 
10760, 
10763, 
10689, 
10655, 
10807, 
10884, 
11079, 
11095, 
11321, 
11269, 
11307, 
11084, 
11017, 
11056, 
11155, 
11173, 
11060, 
11148, 
11234, 
11116, 
11182, 
11244, 
11174, 
11061, 
11113, 
11008, 
11120, 
10945, 
10948, 
10880, 
10966, 
10829, 
10828, 
11037, 
11064, 
11030, 
10977, 
10776, 
10862, 
10872, 
10721, 
10568, 
10325, 
10586, 
10494, 
10474, 
10572, 
10476, 
10384, 
10246, 
10389, 
10173, 
10314, 
10389, 
10344, 
10524, 
10563, 
10580, 
10390, 
10365, 
10386, 
10387, 
10346, 
10452, 
10519, 
10423, 
10505, 
10542, 
10455, 
10402, 
10368, 
10228, 
10305, 
10464, 
10473, 
10719, 
10714, 
10640, 
10729, 
10809, 
10874, 
10785, 
10867, 
10885, 
10815, 
10802, 
10728, 
10829, 
10729, 
10719, 
10440, 
10389, 
10343, 
10405, 
10617, 
10517, 
10381, 
10409, 
10554, 
10672, 
10587, 
10665, 
10734, 
10886, 
10876, 
10955, 
10827, 
10838, 
10763, 
10637, 
10560, 
10502, 
10553, 
10691, 
10677, 
10750, 
10915, 
10878, 
10766, 
10775, 
10748, 
10606, 
10775, 
10766, 
10560, 
10626, 
10523, 
10547, 
10591, 
10629, 
10654, 
10760, 
10676, 
10704, 
10658, 
10564, 
10524, 
10652, 
10810, 
10711, 
10639, 
10777, 
10677, 
10728, 
10772, 
10882, 
10805, 
10815, 
10721, 
10638, 
10683, 
10549, 
10581, 
10729, 
10702, 
10728, 
10825, 
11016, 
11164, 
11169, 
11368, 
11322, 
11416, 
11265, 
11297, 
11284, 
11372, 
11310, 
11322, 
11320, 
11271, 
11084, 
10965, 
10979, 
11056, 
11031, 
11073, 
10959, 
11025, 
10943, 
10969, 
10940, 
10788, 
10786, 
10777, 
10831, 
10844, 
10735, 
10822, 
10819, 
10892, 
10847, 
10631, 
10617, 
10626, 
10547, 
10669, 
10756, 
10619, 
10687, 
10693, 
10810, 
10813, 
10862, 
10915, 
10832, 
10905, 
11009, 
10980, 
11009, 
11090, 
11027, 
11129, 
11052, 
10947, 
11101, 
10960, 
11040, 
10881, 
10973, 
10990, 
11022, 
10918, 
10991, 
10913, 
10751, 
10611, 
10509, 
10578, 
10471, 
10463, 
10379, 
10423, 
10406, 
10519, 
10432, 
10362, 
10362, 
10420, 
10475, 
10313, 
10138, 
10118, 
10033, 
10009, 
10100, 
10120, 
10085, 
10158, 
10096, 
10156, 
10153, 
10194, 
10196, 
10226, 
10339, 
10431, 
10369, 
10446, 
10645, 
10554, 
10659, 
10425, 
10310, 
10380, 
10437, 
10492, 
10516, 
10460, 
10268, 
10290, 
9979, 
10002, 
9956, 
10065, 
10063, 
10144, 
10187, 
10208, 
10246, 
10211, 
10262, 
10350, 
10389, 
10252, 
10223, 
10231, 
10260, 
10246, 
10289, 
10410, 
10450, 
10448, 
10554, 
10634, 
10810, 
10724, 
10771, 
10657, 
10662, 
10694, 
10863, 
10865, 
10935, 
10982, 
10985, 
10913, 
11086, 
11090, 
11003, 
10968, 
10978, 
10860, 
10736, 
10794, 
10815, 
10741, 
10932, 
10951, 
10999, 
11098, 
11309, 
11165, 
11076, 
10953, 
10982, 
10909, 
10810, 
10979, 
11009, 
11035, 
10965, 
10895, 
10742, 
10831, 
10804, 
10727, 
10667, 
10648, 
10702, 
10704, 
10762, 
10796, 
10830, 
10719, 
10680, 
10777, 
10826, 
10770, 
10997, 
10963, 
10927, 
10944, 
10872, 
10949, 
11040, 
11007, 
11095, 
10985, 
11014, 
10885, 
10978, 
10955, 
10777, 
10803, 
10939, 
11031, 
10947, 
10970, 
10911, 
10878, 
10775, 
10850, 
10723, 
10582, 
10757, 
10853, 
10727, 
10606, 
10668, 
10705, 
10766, 
10771, 
10595, 
10699, 
10693, 
10734, 
10907, 
10768, 
10723, 
10649, 
10664, 
10766, 
10666, 
10773, 
10726, 
10655, 
10718, 
10545, 
10569, 
10638, 
10711, 
10954, 
11046, 
10954, 
10713, 
10940, 
10922, 
10909, 
10987, 
11012, 
10957, 
10985, 
10851, 
10990, 
11018, 
11146, 
11038, 
10940, 
10990, 
10985, 
10847, 
10880, 
10916, 
10958, 
10973, 
10995, 
10858, 
11004, 
11016, 
11018, 
10967, 
11047, 
10880, 
11042, 
11095, 
11109, 
11120, 
11031, 
11014, 
10888, 
10781, 
10847, 
10893, 
10942, 
11097, 
11311, 
11280, 
11281, 
11203, 
10905, 
11026, 
11065, 
11042, 
11081, 
11065, 
11170, 
11031, 
11127, 
11173, 
11223, 
11203, 
11338, 
11201, 
11197, 
11186, 
11385, 
11273, 
11310, 
11242, 
11268, 
11144, 
11067, 
11119, 
11147, 
11059, 
11130, 
11099, 
10992, 
10849, 
10790, 
10762, 
10901, 
11016, 
11062, 
10835, 
10687, 
10755, 
10792, 
10927, 
11068, 
11100, 
11171, 
11210, 
11142, 
11188, 
11133, 
11120, 
11177, 
11170, 
11143, 
11054, 
11076, 
11096, 
10949, 
10986, 
10871, 
10645, 
10634, 
10755, 
10898, 
10834, 
10764, 
10900, 
10973, 
11005, 
11083, 
11237, 
11222, 
11141, 
11099, 
11052, 
11053, 
11006, 
11008, 
10959, 
10822, 
10745, 
10588, 
10519, 
10538, 
10540, 
10572, 
10528, 
10568, 
10596, 
10682, 
10778, 
10805, 
10829, 
10778, 
10699, 
10671, 
10635, 
10687, 
10588, 
10551, 
10504, 
10473, 
10488, 
10510, 
10528, 
10600, 
10290, 
10299, 
10361, 
10313, 
10256, 
10266, 
10383, 
10288, 
10365, 
10311, 
10190, 
10115, 
9988, 
10137, 
10045, 
10089, 
10043, 
9998, 
10115, 
10176, 
10328, 
10352, 
10237, 
10225, 
10193, 
10282, 
10196, 
10243, 
10418, 
10391, 
10398, 
10534, 
10754, 
10698, 
10666, 
10744, 
10644, 
10628, 
10508, 
10449, 
10574, 
10440, 
10382, 
10398, 
10340, 
10459, 
10480, 
10388, 
10238, 
10282, 
10341, 
10314, 
10204, 
10152, 
10147, 
10201, 
10369, 
10442, 
10548, 
10613, 
10623, 
10639, 
10676, 
10655, 
10569, 
10731, 
10652, 
10748, 
10737, 
10759, 
10664, 
10719, 
10692, 
10716, 
10899, 
10912, 
11055, 
11170, 
11344, 
11252, 
11257, 
11217, 
11095, 
10859, 
10857, 
11129, 
10972, 
10930, 
11036, 
10883, 
10998, 
10898, 
10818, 
10848, 
10846, 
10881, 
10857, 
10886, 
10842, 
10838, 
10778, 
10744, 
10770, 
10725, 
10771, 
10620, 
10638, 
10463, 
10533, 
10323, 
10478, 
10502, 
10437, 
10460, 
10354, 
10330, 
10371, 
10234, 
10408, 
10616, 
10752, 
10845, 
10789, 
10768, 
10754, 
10769, 
10792, 
10851, 
11015, 
10993, 
10939, 
10926, 
10845, 
10838, 
10828, 
10705, 
10724, 
10809, 
10821, 
10707, 
10794, 
10896, 
10810, 
11006, 
10904, 
10983, 
10903, 
11016, 
11157, 
10943, 
10846, 
10707, 
10659, 
10596, 
10618, 
10646, 
10426, 
10411, 
10477, 
10450, 
10552, 
10577, 
10440, 
10496, 
10610, 
10507, 
10618, 
10531, 
10521, 
10490, 
10544, 
10599, 
10549, 
10855, 
10553, 
10531, 
10633, 
10393, 
10406, 
10334, 
10321, 
10164, 
10032, 
10100, 
10022, 
10146, 
10113, 
10004, 
9945, 
9931, 
10086, 
10129, 
10326, 
10332, 
10416, 
10539, 
10485, 
10626, 
10557, 
10346, 
10376, 
10375, 
10312, 
10310, 
10434, 
10587, 
10648, 
10778, 
10576, 
10591, 
10639, 
10566, 
10770, 
10872, 
10589, 
10714, 
10827, 
10898, 
11056, 
11094, 
11158, 
11012, 
10971, 
10939, 
10793, 
10827, 
10851, 
10779, 
10711, 
10581, 
10707, 
10806, 
10749, 
10597, 
10700, 
10580, 
10613, 
10770, 
10652, 
10586, 
10479, 
10444, 
10580, 
10569, 
10552, 
10607, 
10528, 
10547, 
10356, 
10436, 
10436, 
10462, 
10485, 
10589, 
10490, 
10670, 
10554, 
10335, 
10195, 
10156, 
10156, 
10221, 
10171, 
10293, 
10475, 
10636, 
10512, 
10567, 
10630, 
10638, 
10699, 
10827, 
10739, 
10928, 
10955, 
10923, 
10804, 
10769, 
10838, 
10986, 
10915, 
10787, 
10996, 
11082, 
11139, 
11232, 
11148, 
11150, 
11163, 
11383, 
11342, 
11363, 
11329, 
11403, 
11509, 
11520, 
11317, 
11278, 
11226, 
11167, 
11176, 
11009, 
10955, 
10830, 
10888, 
10998, 
11261, 
11147, 
11159, 
11118, 
11256, 
11380, 
11450, 
11550, 
11518, 
11519, 
11331, 
11205, 
11246, 
11196, 
11226, 
11228, 
11173, 
11143, 
11097, 
11011, 
11054, 
10918, 
10841, 
10703, 
10491, 
10560, 
10571, 
10537, 
10482, 
10434, 
10505, 
10353, 
10285, 
10269, 
10448, 
10402, 
10294, 
10239, 
10423, 
10291, 
10452, 
10497, 
10458, 
10624, 
10573, 
10533, 
10502, 
10488, 
10594, 
10524, 
10705, 
10691, 
10784, 
10939, 
10781, 
10781, 
10682, 
10910, 
10684, 
10745, 
10780, 
10768, 
10713, 
10800, 
10646, 
10593, 
10548, 
10571, 
10461, 
10351, 
10423, 
10237, 
10270, 
10025, 
10055, 
10039, 
10135, 
10187, 
10247, 
10337, 
10371, 
10404, 
10489, 
10559, 
10724, 
10657, 
10691, 
10698, 
10849, 
10803, 
10559, 
10653, 
10714, 
10679, 
10663, 
10637, 
10664, 
10725, 
10669, 
10796, 
10763, 
10796, 
10777, 
10806, 
10739, 
10559, 
10636, 
10750, 
10796, 
10676, 
10731, 
10869, 
10828, 
10787, 
10669, 
10854, 
10741, 
10654, 
10739, 
10727, 
10730, 
10656, 
10791, 
10925, 
11064, 
11065, 
10901, 
10943, 
10881, 
10815, 
10774, 
10869, 
10850, 
10750, 
10745, 
10758, 
10813, 
10656, 
10621, 
10752, 
10793, 
10753, 
10891, 
10852, 
10948, 
10798, 
10917, 
10995, 
10871, 
10876, 
10775, 
10793, 
10909, 
10948, 
10972, 
11054, 
10976, 
11071, 
11007, 
10935, 
10855, 
10872, 
10937, 
10830, 
10949, 
10981, 
10884, 
10915, 
10954, 
10815, 
10925, 
10946, 
10932, 
10843, 
10837, 
10874, 
10879, 
10933, 
10720, 
10683, 
10746, 
10769, 
10885, 
10933, 
10865, 
10816, 
10791, 
10767, 
10723, 
10763, 
10739, 
10911, 
10884, 
10809, 
10827, 
10852, 
10973, 
11008, 
10831, 
10807, 
10771, 
10869, 
11017, 
11026, 
11020, 
11048, 
11068, 
10947, 
10921, 
11027, 
10988, 
10918, 
10948, 
11023, 
10853, 
10868, 
10899, 
10822, 
10901, 
11087, 
11110, 
11013, 
11008, 
11028, 
11141, 
11158, 
11267, 
11283, 
11174, 
11158, 
11097, 
10913, 
10914, 
10836, 
10711, 
10628, 
10628, 
10671, 
10556, 
10575, 
10516, 
10548, 
10717, 
10848, 
10736, 
10793, 
10575, 
10527, 
10357, 
10451, 
10490, 
10592, 
10555, 
10550, 
10518, 
10525, 
10706, 
10888, 
10758, 
10843, 
10938, 
10891, 
10732, 
10657, 
10699, 
10674, 
10538, 
10463, 
10387, 
10174, 
10183, 
10422, 
10296, 
10265, 
10289, 
10403, 
10570, 
10537, 
10711, 
10654, 
10646, 
10665, 
10762, 
10894, 
10878, 
10799, 
10960, 
11031, 
10937, 
10948, 
10969, 
10967, 
11019, 
10943, 
10980, 
10739, 
10740, 
10635, 
10601, 
10676, 
10707, 
10700, 
10632, 
10657, 
10644, 
10535, 
10405, 
10351, 
10490, 
10578, 
10598, 
10613, 
10668, 
10756, 
10591, 
10526, 
10510, 
10483, 
10406, 
10469, 
10587, 
10811, 
10846, 
10814, 
10885, 
10898, 
10878, 
10762, 
10822, 
10814, 
10901, 
11050, 
11004, 
10725, 
10718, 
10747, 
10729, 
10614, 
10529, 
10579, 
10462, 
10292, 
10279, 
10158, 
10273, 
10291, 
10356, 
10345, 
10306, 
10277, 
10385, 
10299, 
10355, 
10351, 
10370, 
10408, 
10404, 
10559, 
10635, 
10731, 
10761, 
10761, 
10850, 
10835, 
10981, 
10926, 
10942, 
10840, 
10765, 
10795, 
10799, 
10798, 
10909, 
10872, 
10832, 
10775, 
11012, 
11036, 
11246, 
11171, 
11304, 
11399, 
11321, 
11161, 
11198, 
11220, 
11291, 
11224, 
10997, 
11117, 
11032, 
11040, 
11114, 
11143, 
11203, 
11210, 
11131, 
11027, 
10920, 
10818, 
10713, 
10691, 
10810, 
10758, 
10656, 
10680, 
10884, 
10869, 
10747, 
10727, 
10657, 
10594, 
10567, 
10421, 
10233, 
10151, 
10087, 
10012, 
10091, 
10150, 
10231, 
10188, 
10312, 
10362, 
10238, 
10231, 
10190, 
10259, 
10045, 
10047, 
9951, 
10009, 
9983, 
10095, 
10257, 
10402, 
10373, 
10236, 
10174, 
10200, 
10271, 
10198, 
10410, 
10411, 
10642, 
10624, 
10691, 
10678, 
10628, 
10701, 
10613, 
10640, 
10730, 
10660, 
10526, 
10442, 
10407, 
10407, 
10313, 
10523, 
10506, 
10455, 
10420, 
10474, 
10472, 
10431, 
10592, 
10696, 
10726, 
10793, 
10469, 
10364, 
10309, 
10242, 
10336, 
10314, 
10226, 
10209, 
10065, 
10118, 
10275, 
10359, 
10458, 
10492, 
10459, 
10493, 
10762, 
10804, 
10809, 
10860, 
10758, 
10884, 
10953, 
10977, 
10927, 
10876, 
10843, 
10694, 
10815, 
10782, 
10896, 
10899, 
10761, 
10681, 
10608, 
10568, 
10532, 
10545, 
10616, 
10738, 
10593, 
10448, 
10446, 
10375, 
10287, 
10461, 
10546, 
10592, 
10773, 
10675, 
10602, 
10532, 
10693, 
10772, 
10685, 
10450, 
10384, 
10281, 
10328, 
10273, 
10234, 
10231, 
10389, 
10307, 
10359, 
10392, 
10298, 
10230, 
10361, 
10486, 
10348, 
10367, 
10432, 
10466, 
10523, 
10395, 
10310, 
10256, 
10192, 
10254, 
10234, 
10302, 
10182, 
10206, 
10212, 
10279, 
10207, 
10281, 
10398, 
10400, 
10469, 
10431, 
10472, 
10280, 
10420, 
10459, 
10736, 
10705, 
10673, 
10653, 
10728, 
10681, 
10683, 
10705, 
10547, 
10589, 
10412, 
10533, 
10601, 
10559, 
10473, 
10551, 
10604, 
10832, 
10826, 
10826, 
10858, 
10860, 
10897, 
10941, 
10845, 
10844, 
10701, 
10738, 
10830, 
10762, 
10713, 
10593, 
10618, 
10467, 
10334, 
10122, 
10301, 
10529, 
10457, 
10335, 
10199, 
10355, 
10272, 
10501, 
10681, 
10800, 
10759, 
10765, 
10642, 
10657, 
10561, 
10561, 
10653, 
10749, 
10596, 
10670, 
10762, 
10694, 
10744, 
10708, 
10657, 
10645, 
10580, 
10621, 
10550, 
10656, 
10691, 
10743, 
10893, 
11033, 
11049, 
11043, 
11035, 
11067, 
10859, 
10795, 
10830, 
10954, 
10849, 
10640, 
10558, 
10556, 
10542, 
10557, 
10525, 
10664, 
10620, 
10561, 
10464, 
10537, 
10459, 
10594, 
10538, 
10634, 
10611, 
10482, 
10479, 
10516, 
10615, 
10625, 
10535, 
10342, 
10470, 
10497, 
10492, 
10586, 
10701, 
10821, 
10944, 
10785, 
10897, 
10909, 
10909, 
10891, 
10957, 
10972, 
10874, 
10933, 
10983, 
10975, 
10972, 
10899, 
10915, 
10841, 
10904, 
10880, 
10888, 
10909, 
10968, 
11017, 
11022, 
11163, 
11209, 
11040, 
11076, 
11099, 
11170, 
11210, 
11219, 
11257, 
11194, 
11102, 
11164, 
11036, 
10936, 
10919, 
10851, 
10883, 
10850, 
10709, 
10534, 
10545, 
10536, 
10587, 
10635, 
10687, 
10676, 
10750, 
10848, 
10779, 
10691, 
10764, 
10801, 
10688, 
10725, 
10716, 
10756, 
10761, 
10801, 
10863, 
10888, 
10891, 
10992, 
11136, 
11000, 
10996, 
10993, 
10897, 
10836, 
10678, 
10588, 
10514, 
10725, 
10780, 
10722, 
10668, 
10628, 
10663, 
10638, 
10671, 
10613, 
10686, 
10656, 
10860, 
10791, 
10857, 
10925, 
10869, 
10930, 
11003, 
10912, 
10728, 
10786, 
10777, 
10735, 
11030, 
10926, 
10879, 
10877, 
10842, 
10998, 
10942, 
10885, 
10805, 
10850, 
10840, 
10925, 
10855, 
10915, 
10924, 
10828, 
10755, 
10705, 
10638, 
10600, 
10606, 
10511, 
10384, 
10284, 
10343, 
10416, 
10380, 
10486, 
10504, 
10290, 
10273, 
10094, 
10056, 
10124, 
10059, 
10149, 
10125, 
10201, 
10483, 
10656, 
10648, 
10764, 
10745, 
10627, 
10735, 
10672, 
10600, 
10571, 
10500, 
10708, 
10636, 
10562, 
10640, 
10629, 
10582, 
10714, 
10632, 
10723, 
10638, 
10720, 
10722, 
10778, 
10978, 
10884, 
10959, 
11016, 
10945, 
10983, 
10885, 
10860, 
10757, 
10658, 
10697, 
10797, 
11019, 
10918, 
10857, 
10746, 
10629, 
10411, 
10346, 
10310, 
10296, 
10414, 
10447, 
10487, 
10620, 
10616, 
10447, 
10354, 
10436, 
10488, 
10623, 
10592, 
10514, 
10671, 
10703, 
10626, 
10558, 
10463, 
10615, 
10751, 
10844, 
11010, 
11006, 
11089, 
11109, 
11201, 
11129, 
11155, 
11034, 
11055, 
11000, 
11021, 
11177, 
11251, 
11041, 
11163, 
11182, 
11146, 
11146, 
11298, 
11267, 
11320, 
11321, 
11335, 
11194, 
11292, 
11416, 
11424, 
11337, 
11250, 
11104, 
10937, 
11058, 
11092, 
11153, 
11217, 
11224, 
11291, 
11166, 
11101, 
11087, 
10971, 
11011, 
11082, 
11041, 
11138, 
11063, 
11090, 
11135, 
11141, 
11266, 
11179, 
11054, 
11042, 
10907, 
10891, 
10896, 
10839, 
10832, 
10832, 
10789, 
10732, 
10705, 
10664, 
10751, 
10780, 
10811, 
10776, 
10775, 
10614, 
10415, 
10429, 
10538, 
10597, 
10517, 
10576, 
10575, 
10481, 
10435, 
10591, 
10601, 
10541, 
10605, 
10477, 
10576, 
10588, 
10659, 
10526, 
10479, 
10482, 
10589, 
10573, 
10562, 
10575, 
10682, 
10689, 
10775, 
10927, 
10865, 
10946, 
11010, 
10973, 
11095, 
10925, 
10898, 
10999, 
11081, 
10978, 
10961, 
10963, 
10953, 
10877, 
10660, 
10616, 
10523, 
10559, 
10519, 
10567, 
10510, 
10416, 
10401, 
10490, 
10434, 
10415, 
10461, 
10618, 
10519, 
10600, 
10594, 
10641, 
10560, 
10674, 
10643, 
10746, 
10692, 
10796, 
10714, 
10741, 
10726, 
10705, 
10781, 
10840, 
10689, 
10669, 
10481, 
10550, 
10461, 
10383, 
10287, 
10254, 
10314, 
10346, 
10541, 
10513, 
10453, 
10511, 
10538, 
10697, 
10514, 
10425, 
10393, 
10406, 
10438, 
10569, 
10382, 
10613, 
10499, 
10510, 
10422, 
10371, 
10258, 
10254, 
10236, 
10344, 
10445, 
10596, 
10272, 
10381, 
10496, 
10588, 
10651, 
10684, 
10769, 
10637, 
10546, 
10420, 
10435, 
10560, 
10557, 
10772, 
10827, 
10950, 
10987, 
10974, 
11180, 
11102, 
11138, 
11158, 
11046, 
11199, 
11253, 
11138, 
11060, 
11073, 
11022, 
10976, 
11018, 
10700, 
10631, 
10825, 
10885, 
10813, 
10770, 
10994, 
11030, 
11037, 
11057, 
11118, 
11114, 
10964, 
11142, 
11032, 
11094, 
11003, 
11084, 
11129, 
10992, 
11072, 
11129, 
10991, 
10908, 
11068, 
11073, 
11198, 
11122, 
11059, 
11061, 
10988, 
11080, 
11169, 
11021, 
10928, 
10922, 
10951, 
10898, 
10867, 
10857, 
10885, 
10894, 
10866, 
10796, 
10803, 
10764, 
10636, 
10636, 
10828, 
10671, 
10702, 
10667, 
10563, 
10596, 
10594, 
10589, 
10693, 
10677, 
10683, 
10600, 
10743, 
10692, 
10491, 
10527, 
10604, 
10512, 
10713, 
10835, 
10947, 
10945, 
11112, 
11192, 
11218, 
11263, 
11220, 
11189, 
11221, 
11358, 
11498, 
11486, 
11656, 
11699, 
11687, 
11576, 
11478, 
11585, 
11673, 
11589, 
11683, 
11746, 
11760, 
11785, 
11834, 
11813, 
11863, 
11628, 
11633, 
11566, 
11610, 
11697, 
11621, 
11623, 
11578, 
11509, 
11365, 
11277, 
11204, 
11179, 
11210, 
11220, 
11232, 
11073, 
11143, 
11230, 
11094, 
11079, 
11127, 
11098, 
11130, 
11137, 
11056, 
10917, 
10977, 
10936, 
10977, 
11013, 
10898, 
10962, 
10768, 
10938, 
11022, 
10888, 
11014, 
11110, 
11210, 
11367, 
11230, 
11036, 
11033, 
10981, 
11144, 
10965, 
10936, 
10831, 
11003, 
11003, 
11033, 
10974, 
10946, 
10884, 
10777, 
10692, 
10729, 
10811, 
10838, 
10951, 
10844, 
10767, 
10661, 
10524, 
10505, 
10392, 
10313, 
10288, 
10247, 
10246, 
10273, 
10441, 
10328, 
10536, 
10519, 
10565, 
10492, 
10411, 
10351, 
10376, 
10393, 
10514, 
10368, 
10431, 
10435, 
10414, 
10365, 
10297, 
10232, 
10052, 
10088, 
10216, 
10279, 
10082, 
10195, 
10262, 
10330, 
10352, 
10544, 
10528, 
10439, 
10403, 
10198, 
10210, 
10288, 
10357, 
10352, 
10309, 
10531, 
10582, 
10673, 
10756, 
10710, 
10558, 
10670, 
10635, 
10691, 
10694, 
10712, 
10676, 
10690, 
10696, 
10571, 
10523, 
10462, 
10442, 
10487, 
10474, 
10367, 
10312, 
10353, 
10318, 
10263, 
10129, 
10147, 
10196, 
10208, 
10269, 
10262, 
10280, 
10304, 
10393, 
10523, 
10486, 
10416, 
10268, 
10389, 
10452, 
10570, 
10581, 
10492, 
10446, 
10380, 
10336, 
10237, 
10356, 
10369, 
10312, 
10275, 
10375, 
10395, 
10404, 
10466, 
10312, 
10196, 
10263, 
10175, 
10150, 
10042, 
10190, 
10070, 
10097, 
10148, 
10050, 
10144, 
10028, 
10038, 
10031, 
10083, 
10126, 
10228, 
10299, 
10324, 
10387, 
10284, 
10321, 
10537, 
10557, 
10337, 
10303, 
10291, 
10298, 
10305, 
10233, 
10280, 
10269, 
10272, 
10153, 
10263, 
10336, 
10265, 
10297, 
10323, 
10470, 
10448, 
10510, 
10593, 
10525, 
10525, 
10531, 
10471, 
10661, 
10668, 
10758, 
10829, 
10755, 
10937, 
10731, 
10779, 
10762, 
10826, 
10741, 
10708, 
10725, 
10527, 
10615, 
10660, 
10673, 
10760, 
10812, 
11024, 
11028, 
11118, 
11153, 
11157, 
11096, 
11276, 
11398, 
11252, 
11185, 
11209, 
11242, 
10955, 
11061, 
10990, 
11115, 
11098, 
11130, 
11095, 
10992, 
10925, 
10896, 
11023, 
11015, 
10888, 
10953, 
11034, 
10933, 
10878, 
10788, 
10711, 
10745, 
10539, 
10598, 
10635, 
10724, 
10614, 
10720, 
10828, 
10803, 
10837, 
10885, 
11008, 
10820, 
11002, 
11080, 
10949, 
10882, 
10933, 
10745, 
10816, 
10832, 
10908, 
10897, 
10902, 
10846, 
10909, 
10820, 
10876, 
10834, 
10844, 
10819, 
10919, 
10899, 
10880, 
10721, 
10685, 
10803, 
10778, 
10722, 
10788, 
10669, 
10809, 
10624, 
10730, 
10843, 
10909, 
11061, 
11008, 
10991, 
11009, 
10964, 
10895, 
10855, 
10866, 
10774, 
10817, 
10709, 
10650, 
10580, 
10504, 
10505, 
10428, 
10483, 
10441, 
10540, 
10542, 
10590, 
10704, 
10924, 
10758, 
10766, 
10827, 
10814, 
10712, 
10619, 
10603, 
10563, 
10724, 
10644, 
10761, 
10776, 
10895, 
10908, 
10922, 
11082, 
11064, 
10937, 
10928, 
10958, 
10931, 
10880, 
10957, 
10987, 
10946, 
10935, 
10977, 
11043, 
10919, 
10745, 
10740, 
10812, 
10827, 
10810, 
10844, 
10820, 
11027, 
11045, 
11021, 
11117, 
11114, 
11263, 
11135, 
11130, 
11021, 
10976, 
11002, 
11076, 
11001, 
11020, 
11079, 
10976, 
10911, 
10790, 
10875, 
10836, 
10932, 
10957, 
10930, 
11053, 
11063, 
11022, 
10799, 
10972, 
10850, 
10778, 
10838, 
10827, 
10831, 
10815, 
10717, 
10758, 
10617, 
10590, 
10676, 
10728, 
10784, 
10701, 
10659, 
10828, 
10931, 
10913, 
11130, 
11059, 
11093, 
11047, 
11245, 
11232, 
11096, 
11102, 
10981, 
11043, 
11018, 
11015, 
11133, 
11062, 
10911, 
10919, 
10803, 
10830, 
10752, 
10652, 
10411, 
10392, 
10332, 
10271, 
10242, 
10128, 
10237, 
10336, 
10447, 
10345, 
10326, 
10414, 
10389, 
10546, 
10667, 
10655, 
10772, 
10650, 
10676, 
10597, 
10458, 
10557, 
10680, 
10705, 
10675, 
10677, 
10447, 
10596, 
10592, 
10734, 
10625, 
10614, 
10582, 
10606, 
10662, 
10663, 
10664, 
10751, 
10983, 
11096, 
10957, 
10616, 
10619, 
10575, 
10509, 
10726, 
10586, 
10543, 
10661, 
10584, 
10659, 
10719, 
10787, 
10813, 
10761, 
11008, 
10988, 
10859, 
10811, 
10922, 
10907, 
10796, 
10796, 
10751, 
10692, 
10635, 
10872, 
10916, 
10852, 
10840, 
10972, 
10812, 
10836, 
10878, 
10969, 
11070, 
10884, 
10825, 
11018, 
11141, 
11117, 
11079, 
10985, 
11083, 
11035, 
11092, 
10984, 
10954, 
10838, 
11102, 
11075, 
10906, 
10944, 
10937, 
11023, 
10963, 
10793, 
10787, 
10913, 
10789, 
10574, 
10510, 
10589, 
10663, 
10519, 
10385, 
10469, 
10618, 
10652, 
10492, 
10449, 
10295, 
10352, 
10466, 
10454, 
10441, 
10590, 
10687, 
10626, 
10863, 
10858, 
10791, 
10637, 
10730, 
10715, 
10769, 
10734, 
10794, 
10815, 
10822, 
10846, 
10786, 
10775, 
10830, 
10864, 
10915, 
11072, 
11294, 
11177, 
11011, 
11107, 
11282, 
11249, 
11171, 
10927, 
10916, 
10992, 
10868, 
10891, 
10857, 
10895, 
10851, 
10743, 
10864, 
10801, 
10811, 
10717, 
10715, 
10642, 
10653, 
10467, 
10511, 
10504, 
10570, 
10532, 
10372, 
10407, 
10535, 
10480, 
10485, 
10598, 
10798, 
10871, 
10633, 
10703, 
10662, 
10664, 
10641, 
10533, 
10534, 
10682, 
10661, 
10602, 
10680, 
10554, 
10536, 
10541, 
10627, 
10699, 
10618, 
10669, 
10628, 
10783, 
10619, 
10479, 
10413, 
10450, 
10450, 
10303, 
10328, 
10379, 
10512, 
10559, 
10670, 
10659, 
10833, 
10812, 
10698, 
10767, 
10861, 
10684, 
10755, 
10873, 
10790, 
10706, 
10627, 
10457, 
10610, 
10511, 
10296, 
10174, 
10192, 
10248, 
10135, 
10116, 
10208, 
10379, 
10427, 
10562, 
10624, 
10681, 
10677, 
10722, 
10685, 
10601, 
10576, 
10658, 
10501, 
10494, 
10470, 
10507, 
10566, 
10686, 
10844, 
10848, 
10878, 
10993, 
10922, 
10962, 
11011, 
11011, 
11199, 
11292, 
11312, 
11245, 
11227, 
11090, 
10837, 
10670, 
10782, 
10634, 
10514, 
10425, 
10568, 
10358, 
10296, 
10241, 
10283, 
10339, 
10246, 
10385, 
10455, 
10498, 
10463, 
10514, 
10526, 
10430, 
10509, 
10486, 
10625, 
10612, 
10463, 
10472, 
10416, 
10471, 
10497, 
10471, 
10532, 
10711, 
10759, 
10689, 
10678, 
10656, 
10703, 
10601, 
10792, 
10771, 
10509, 
10567, 
10601, 
10589, 
10505, 
10609, 
10594, 
10616, 
10631, 
10657, 
10565, 
10451, 
10446, 
10706, 
10800, 
10647, 
10788, 
10895, 
10662, 
10711, 
10691, 
10652, 
10678, 
10854, 
10766, 
10766, 
10500, 
10579, 
10622, 
10653, 
10753, 
10761, 
10792, 
10863, 
10975, 
10995, 
11041, 
11008, 
10858, 
10634, 
10534, 
10532, 
10528, 
10564, 
10684, 
10642, 
10644, 
10762, 
10701, 
10715, 
10786, 
10815, 
10982, 
11072, 
10938, 
10929, 
10894, 
10921, 
11023, 
11049, 
11188, 
11126, 
11008, 
10921, 
10878, 
10813, 
10838, 
10765, 
10837, 
10751, 
10671, 
10796, 
10700, 
10814, 
10921, 
10929, 
10888, 
10926, 
10969, 
10934, 
11075, 
11232, 
11273, 
11306, 
11292, 
11403, 
11312, 
11422, 
11378, 
11336, 
11164, 
11111, 
11106, 
10968, 
10937, 
10897, 
10967, 
11036, 
10984, 
11099, 
11034, 
11002, 
11080, 
10993, 
10965, 
10662, 
10883, 
10816, 
10899, 
11016, 
11096, 
11110, 
11023, 
10972, 
11079, 
11003, 
10893, 
10991, 
10801, 
10867, 
10797, 
10805, 
10909, 
11080, 
11056, 
11115, 
11102, 
11012, 
11125, 
11119, 
11270, 
11214, 
11232, 
11245, 
11275, 
11312, 
11167, 
11089, 
11023, 
11089, 
10958, 
10991, 
11117, 
11293, 
11265, 
11163, 
11104, 
11290, 
11232, 
11191, 
11196, 
11209, 
11335, 
11279, 
11235, 
11354, 
11281, 
11337, 
11145, 
11057, 
11112, 
11082, 
11077, 
11009, 
10885, 
10810, 
10748, 
10716, 
10659, 
10680, 
10570, 
10589, 
10550, 
10556, 
10386, 
10301, 
10425, 
10440, 
10568, 
10463, 
10242, 
10154, 
10219, 
10081, 
10121, 
10113, 
10247, 
10180, 
10251, 
10213, 
10267, 
10229, 
10262, 
10108, 
10227, 
10410, 
10373, 
10458, 
10492, 
10503, 
10434, 
10556, 
10543, 
10501, 
10502, 
10590, 
10480, 
10430, 
10392, 
10345, 
10389, 
10370, 
10291, 
10253, 
10040, 
10056, 
10119, 
9944, 
10038, 
10092, 
10117, 
10042, 
10154, 
10165, 
10212, 
10071, 
10114, 
10325, 
10360, 
10290, 
10321, 
10564, 
10575, 
10643, 
10649, 
10580, 
10787, 
10846, 
10916, 
10850, 
10853, 
10830, 
10773, 
10700, 
10721, 
10699, 
10739, 
10679, 
10657, 
10487, 
10476, 
10633, 
10641, 
10797, 
10688, 
10677, 
10562, 
10576, 
10670, 
10649, 
10687, 
10715, 
10873, 
10676, 
10668, 
10704, 
10665, 
10786, 
10730, 
10670, 
10647, 
10494, 
10558, 
10612, 
10666, 
10591, 
10529, 
10515, 
10725, 
10676, 
10670, 
10769, 
10708, 
10761, 
10806, 
10960, 
10956, 
10832, 
10725, 
10577, 
10602, 
10698, 
10793, 
10830, 
10835, 
10720, 
10729, 
10786, 
10814, 
10873, 
11023, 
11022, 
11131, 
10844, 
10778, 
10637, 
10702, 
10605, 
10718, 
10643, 
10543, 
10471, 
10443, 
10592, 
10632, 
10619, 
10574, 
10461, 
10560, 
10392, 
10499, 
10513, 
10646, 
10562, 
10866, 
11023, 
11099, 
11136, 
11112, 
10976, 
11218, 
11156, 
11195, 
11102, 
11210, 
11189, 
11003, 
10858, 
10828, 
11003, 
10989, 
10960, 
11171, 
11228, 
11176, 
11109, 
11036, 
10960, 
10996, 
11018, 
10974, 
10875, 
10963, 
10954, 
11050, 
11005, 
11075, 
11048, 
10883, 
10933, 
10897, 
10783, 
10813, 
10717, 
10520, 
10614, 
10494, 
10371, 
10416, 
10490, 
10450, 
10508, 
10421, 
10474, 
10514, 
10348, 
10415, 
10361, 
10362, 
10371, 
10361, 
10397, 
10495, 
10465, 
10447, 
10422, 
10475, 
10375, 
10307, 
10304, 
10241, 
10186, 
10197, 
10294, 
10361, 
10422, 
10393, 
10305, 
10431, 
10636, 
10728, 
10699, 
10716, 
10662, 
10654, 
10600, 
10543, 
10455, 
10347, 
10297, 
10206, 
10164, 
10246, 
10302, 
10407, 
10445, 
10496, 
10631, 
10731, 
10715, 
10913, 
11038, 
10947, 
10953, 
10725, 
10720, 
10679, 
10685, 
10798, 
10992, 
10943, 
10852, 
10934, 
10922, 
11041, 
10981, 
10839, 
10861, 
10871, 
10804, 
10943, 
10925, 
10879, 
10795, 
10838, 
10741, 
10699, 
10640, 
10839, 
10786, 
10775, 
10675, 
10559, 
10655, 
10517, 
10546, 
10530, 
10474, 
10421, 
10350, 
10414, 
10288, 
10111, 
9967, 
10040, 
10094, 
10045, 
10042, 
10178, 
10350, 
10283, 
10292, 
10437, 
10619, 
10720, 
10759, 
10727, 
10743, 
10756, 
10704, 
10699, 
10590, 
10598, 
10516, 
10577, 
10602, 
10605, 
10509, 
10604, 
10561, 
10493, 
10399, 
10396, 
10377, 
10516, 
10512, 
10547, 
10542, 
10669, 
10829, 
10934, 
11082, 
10996, 
10898, 
10735, 
10716, 
10728, 
10824, 
10933, 
10964, 
10961, 
10912, 
10954, 
10914, 
10839, 
10696, 
10591, 
10610, 
10692, 
10702, 
10493, 
10697, 
10698, 
10751, 
10895, 
10928, 
11096, 
11056, 
11138, 
11182, 
11177, 
11197, 
11044, 
10889, 
10797, 
10647, 
10692, 
10830, 
10826, 
10786, 
10793, 
10813, 
10846, 
10787, 
10658, 
10530, 
10503, 
10498, 
10419, 
10564, 
10528, 
10619, 
10500, 
10460, 
10466, 
10498, 
10551, 
10459, 
10440, 
10343, 
10378, 
10488, 
10385, 
10388, 
10268, 
10358, 
10318, 
10420, 
10468, 
10636, 
10706, 
10640, 
10668, 
10712, 
10585, 
10707, 
10754, 
10542, 
10759, 
10645, 
10617, 
10737, 
10553, 
10654, 
10765, 
10991, 
10838, 
10797, 
10785, 
10939, 
10759, 
10865, 
10857, 
10591, 
10500, 
10418, 
10357, 
10289, 
10408, 
10322, 
10416, 
10350, 
10585, 
10678, 
10826, 
10769, 
10776, 
10710, 
10673, 
10641, 
10546, 
10444, 
10427, 
10426, 
10553, 
10591, 
10568, 
10606, 
10753, 
10844, 
10934, 
11072, 
10828, 
10772, 
10756, 
10741, 
10697, 
10735, 
10774, 
10865, 
11058, 
11005, 
10997, 
10889, 
10963, 
10924, 
10771, 
10632, 
10746, 
10463, 
10425, 
10475, 
10565, 
10656, 
10742, 
10867, 
10835, 
10758, 
10795, 
10853, 
10938, 
10887, 
10872, 
10889, 
10786, 
10793, 
10822, 
10928, 
11017, 
11027, 
11019, 
10882, 
10883, 
10794, 
10838, 
10760, 
10687, 
10604, 
10574, 
10403, 
10318, 
10575, 
10712, 
10812, 
10887, 
11187, 
10976, 
10932, 
10907, 
10755, 
10626, 
10468, 
10503, 
10647, 
10823, 
11020, 
11084, 
10997, 
10940, 
10903, 
10850, 
10873, 
10915, 
10884, 
10874, 
10948, 
11013, 
10935, 
10893, 
10955, 
11067, 
11230, 
11209, 
11130, 
11086, 
10960, 
10891, 
10840, 
10635, 
10601, 
10679, 
10534, 
10501, 
10312, 
10391, 
10404, 
10357, 
10336, 
10212, 
10172, 
10191, 
10235, 
10442, 
10634, 
10842, 
10678, 
10736, 
10780, 
10841, 
10672, 
10720, 
10714, 
10814, 
10943, 
10924, 
10986, 
11004, 
10969, 
10891, 
11013, 
11058, 
11125, 
11008, 
11070, 
11118, 
11287, 
11184, 
10958, 
11055, 
11061, 
11113, 
10941, 
11032, 
11168, 
11077, 
11146, 
11187, 
11190, 
11262, 
11121, 
10926, 
10833, 
10895, 
10783, 
10981, 
10730, 
10615, 
10519, 
10516, 
10615, 
10669, 
10664, 
10615, 
10530, 
10617, 
10463, 
10680, 
10771, 
10786, 
10783, 
10737, 
10728, 
10812, 
10806, 
10824, 
10913, 
10853, 
10787, 
10540, 
10533, 
10560, 
10491, 
10573, 
10773, 
10751, 
10773, 
10718, 
10685, 
10710, 
10864, 
10847, 
10786, 
10803, 
10939, 
10748, 
10831, 
10650, 
10624, 
10426, 
10467, 
10624, 
10627, 
10641, 
10603, 
10642, 
10695, 
10763, 
10639, 
10621, 
10531, 
10531, 
10669, 
10510, 
10343, 
10247, 
10000, 
10089, 
10119, 
10164, 
10179, 
10152, 
10009, 
9979, 
9863, 
9875, 
10096, 
9983, 
10184, 
10204, 
10256, 
10274, 
10240, 
10189, 
10122, 
10249, 
10313, 
10277, 
10214, 
10117, 
10120, 
10261, 
10278, 
10358, 
10491, 
10518, 
10532, 
10519, 
10585, 
10552, 
10658, 
10727, 
10743, 
10761, 
10810, 
10841, 
10954, 
10967, 
10988, 
11090, 
11153, 
11088, 
11050, 
11024, 
11146, 
11073, 
11187, 
11167, 
11195, 
11271, 
11173, 
11273, 
11084, 
11042, 
11239, 
11406, 
11389, 
11391, 
11545, 
11369, 
11264, 
11173, 
11147, 
11134, 
11113, 
11021, 
10844, 
10863, 
10828, 
11024, 
10976, 
11157, 
10947, 
10890, 
10765, 
10713, 
10819, 
10791, 
10646, 
10689, 
10679, 
10921, 
11136, 
11276, 
11136, 
11089, 
10977, 
10948, 
10778, 
10538, 
10532, 
10538, 
10558, 
10661, 
10402, 
10269, 
10162, 
10247, 
10315, 
10455, 
10494, 
10399, 
10455, 
10447, 
10391, 
10414, 
10357, 
10514, 
10403, 
10359, 
10227, 
10116, 
10136, 
10104, 
10219, 
10097, 
10193, 
10306, 
10380, 
10280, 
10251, 
10152, 
10325, 
10211, 
10325, 
10386, 
10298, 
10191, 
10246, 
10259, 
10347, 
10287, 
10206, 
10138, 
10281, 
10332, 
10257, 
10282, 
10233, 
10221, 
10342, 
10386, 
10282, 
10179, 
10158, 
10281, 
10285, 
10434, 
10429, 
10604, 
10700, 
10722, 
10815, 
10736, 
10659, 
10657, 
10774, 
10649, 
10572, 
10683, 
10568, 
10670, 
10755, 
10638, 
10625, 
10759, 
10711, 
10545, 
10498, 
10486, 
10430, 
10389, 
10418, 
10431, 
10279, 
10347, 
10318, 
10289, 
10390, 
10482, 
10469, 
10707, 
10863, 
10932, 
10890, 
10812, 
10732, 
10735, 
10776, 
10687, 
10648, 
10738, 
10696, 
10635, 
10651, 
10692, 
10693, 
10774, 
10919, 
10839, 
10825, 
10820, 
10908, 
11025, 
10866, 
10878, 
10943, 
10880, 
10869, 
10959, 
10964, 
10957, 
11060, 
10992, 
10966, 
11037, 
11062, 
11142, 
11032, 
11014, 
11030, 
11042, 
11202, 
11102, 
11067, 
11128, 
11090, 
11037, 
10953, 
11005, 
10954, 
10920, 
10912, 
10805, 
10673, 
10827, 
10831, 
10842, 
10970, 
11036, 
10956, 
11025, 
10963, 
10925, 
10799, 
10923, 
10927, 
10805, 
10832, 
10831, 
10836, 
10675, 
10849, 
10813, 
10789, 
10761, 
10841, 
10689, 
10554, 
10509, 
10646, 
10622, 
10553, 
10707, 
10711, 
10744, 
10546, 
10430, 
10351, 
10508, 
10668, 
10656, 
10768, 
10620, 
10633, 
10540, 
10604, 
10565, 
10505, 
10636, 
10596, 
10593, 
10767, 
10722, 
10902, 
10970, 
10951, 
10898, 
10815, 
10792, 
11013, 
11082, 
11245, 
11181, 
11226, 
11260, 
11190, 
11222, 
11220, 
11133, 
10996, 
10844, 
10774, 
10679, 
10734, 
10479, 
10498, 
10388, 
10365, 
10409, 
10227, 
10498, 
10603, 
10516, 
10467, 
10511, 
10437, 
10392, 
10328, 
10470, 
10643, 
10599, 
10701, 
10811, 
10858, 
10973, 
10961, 
10939, 
11060, 
11195, 
11248, 
11261, 
11348, 
11339, 
11239, 
11074, 
10964, 
10924, 
10851, 
10869, 
10816, 
10668, 
10697, 
10690, 
10550, 
10644, 
10729, 
10756, 
10821, 
10605, 
10589, 
10478, 
10527, 
10565, 
10648, 
10689, 
10668, 
10652, 
10724, 
10743, 
10608, 
10628, 
10681, 
10706, 
10660, 
10781, 
10854, 
10968, 
10966, 
10885, 
10988, 
10954, 
10942, 
10866, 
10831, 
10747, 
10721, 
10864, 
10701, 
10772, 
10623, 
10676, 
10512, 
10609, 
10737, 
10609, 
10544, 
10515, 
10514, 
10582, 
10626, 
10548, 
10536, 
10568, 
10482, 
10562, 
10532, 
10612, 
10577, 
10509, 
10575, 
10619, 
10824, 
10848, 
10795, 
10634, 
10645, 
10540, 
10597, 
10528, 
10445, 
10361, 
10369, 
10549, 
10503, 
10238, 
10221, 
10131, 
10181, 
10162, 
10241, 
10219, 
10151, 
10154, 
10317, 
10325, 
10402, 
10461, 
10650, 
10827, 
10789, 
10686, 
10606, 
10528, 
10709, 
10750, 
10737, 
10837, 
10949, 
10902, 
11038, 
10959, 
10934, 
10813, 
10808, 
10751, 
10771, 
10799, 
10839, 
10856, 
10695, 
10698, 
10760, 
10695, 
10694, 
10823, 
11010, 
10944, 
10792, 
10632, 
10745, 
10812, 
10835, 
11112, 
11001, 
11004, 
10859, 
10790, 
10665, 
10640, 
10743, 
10674, 
10653, 
10737, 
10714, 
10709, 
10837, 
10917, 
10742, 
10702, 
10648, 
10574, 
10505, 
10417, 
10507, 
10518, 
10531, 
10640, 
10356, 
10448, 
10566, 
10654, 
10590, 
10612, 
10673, 
10576, 
10628, 
10587, 
10497, 
10605, 
10622, 
10584, 
10657, 
10552, 
10556, 
10717, 
10773, 
10754, 
10687, 
10710, 
10849, 
10904, 
10971, 
10827, 
11021, 
10767, 
10668, 
10808, 
10880, 
10778, 
10710, 
10845, 
10792, 
10887, 
11005, 
11052, 
11055, 
11215, 
11172, 
11084, 
11072, 
10992, 
11111, 
11019, 
11012, 
10964, 
11078, 
11346, 
11469, 
11302, 
11172, 
11157, 
11293, 
11172, 
11047, 
11093, 
10982, 
11008, 
10902, 
10708, 
10629, 
10674, 
10696, 
10681, 
10735, 
10624, 
10586, 
10605, 
10734, 
10729, 
10857, 
10802, 
10722, 
10823, 
10871, 
11012, 
11057, 
10892, 
10999, 
10835, 
10828, 
10917, 
10882, 
10861, 
10775, 
10855, 
10889, 
10894, 
10918, 
11003, 
11042, 
11100, 
11205, 
11223, 
11186, 
11212, 
11190, 
11184, 
11029, 
10957, 
10881, 
10988, 
11011, 
10835, 
10850, 
10703, 
10823, 
10847, 
10995, 
11053, 
11008, 
11072, 
11037, 
10841, 
10890, 
10723, 
10666, 
10821, 
10758, 
10810, 
10705, 
10771, 
10752, 
10738, 
10802, 
10749, 
10745, 
10682, 
10654, 
10739, 
10612, 
10560, 
10361, 
10527, 
10486, 
10574, 
10495, 
10570, 
10654, 
10642, 
10557, 
10588, 
10660, 
10807, 
10857, 
10726, 
10509, 
10501, 
10368, 
10285, 
10378, 
10305, 
10277, 
10220, 
10191, 
10243, 
10371, 
10373, 
10305, 
10438, 
10325, 
10410, 
10411, 
10425, 
10381, 
10514, 
10487, 
10495, 
10638, 
10825, 
10979, 
10998, 
11262, 
11340, 
11301, 
11310, 
11388, 
11294, 
11230, 
11244, 
11113, 
11346, 
11239, 
11198, 
10945, 
10923, 
10804, 
10663, 
10739, 
10732, 
10717, 
10691, 
10671, 
10821, 
10869, 
10687, 
10639, 
10732, 
10675, 
10668, 
10719, 
10786, 
10759, 
10747, 
10671, 
10622, 
10609, 
10613, 
10673, 
10638, 
10638, 
10682, 
10693, 
10646, 
10678, 
10735, 
10779, 
10796, 
10620, 
10578, 
10784, 
10688, 
10648, 
10658, 
10635, 
10731, 
10907, 
10819, 
10886, 
10870, 
10859, 
10703, 
10708, 
10777, 
10856, 
10764, 
10671, 
10757, 
10672, 
10777, 
10796, 
10833, 
10776, 
10869, 
10940, 
10955, 
10929, 
10763, 
10894, 
10884, 
10704, 
10830, 
10868, 
10803, 
10873, 
10765, 
10488, 
10518, 
10607, 
10503, 
10485, 
10293, 
10332, 
10439, 
10446, 
10469, 
10461, 
10577, 
10424, 
10531, 
10533, 
10529, 
10591, 
10417, 
10451, 
10199, 
10168, 
10345, 
10401, 
10414, 
10420, 
10443, 
10641, 
10603, 
10490, 
10440, 
10729, 
10477, 
10515, 
10493, 
10529, 
10464, 
10466, 
10500, 
10524, 
10561, 
10567, 
10600, 
10754, 
10909, 
10869, 
10905, 
11007, 
10961, 
10889, 
10780, 
10823, 
10795, 
10823, 
10955, 
11023, 
11117, 
11146, 
11049, 
10985, 
10881, 
10875, 
10727, 
10604, 
10546, 
10646, 
10411, 
10403, 
10422, 
10350, 
10348, 
10348, 
10332, 
10253, 
10308, 
10341, 
10309, 
10292, 
10131, 
10154, 
10190, 
10295, 
10339, 
10345, 
10363, 
10410, 
10373, 
10512, 
10562, 
10527, 
10737, 
10694, 
10530, 
10641, 
10792, 
11010, 
10918, 
10974, 
10926, 
10915, 
10917, 
10986, 
11096, 
11183, 
11032, 
10958, 
11143, 
11064, 
11115, 
10897, 
11049, 
10992, 
10853, 
10805, 
10676, 
10737, 
10775, 
10686, 
10609, 
10555, 
10508, 
10479, 
10428, 
10338, 
10388, 
10403, 
10389, 
10368, 
10086, 
10248, 
10291, 
10304, 
10435, 
10370, 
10226, 
10327, 
10351, 
10367, 
10383, 
10347, 
10244, 
10439, 
10508, 
10583, 
10474, 
10413, 
10549, 
10502, 
10390, 
10224, 
10452, 
10447, 
10503, 
10701, 
10643, 
10711, 
10842, 
10730, 
10739, 
10660, 
10717, 
10684, 
10666, 
10661, 
10687, 
10683, 
10805, 
10696, 
10755, 
10719, 
10691, 
10654, 
10739, 
10827, 
10691, 
10728, 
10735, 
10614, 
10511, 
10527, 
10583, 
10520, 
10546, 
10658, 
10511, 
10599, 
10522, 
10746, 
10802, 
10766, 
10769, 
10809, 
10742, 
10769, 
10828, 
10779, 
10716, 
10730, 
10911, 
10726, 
10583, 
10606, 
10605, 
10702, 
10703, 
10638, 
10407, 
10420, 
10525, 
10587, 
10624, 
10533, 
10444, 
10505, 
10435, 
10469, 
10498, 
10517, 
10592, 
10730, 
10703, 
10775, 
10622, 
10479, 
10441, 
10483, 
10557, 
10399, 
10484, 
10617, 
10629, 
10774, 
10856, 
10736, 
10769, 
10729, 
10769, 
10879, 
10982, 
10991, 
11053, 
11117, 
10998, 
11075, 
10908, 
11020, 
10962, 
11013, 
11169, 
11193, 
11109, 
11189, 
11149, 
11065, 
10921, 
10975, 
11039, 
10821, 
10771, 
10662, 
10630, 
10583, 
10522, 
10567, 
10330, 
10328, 
10366, 
10419, 
10412, 
10345, 
10452, 
10441, 
10421, 
10461, 
10608, 
10682, 
10777, 
10759, 
10797, 
10496, 
10485, 
10438, 
10294, 
10287, 
10374, 
10455, 
10467, 
10506, 
10433, 
10552, 
10617, 
10527, 
10438, 
10396, 
10419, 
10441, 
10467, 
10525, 
10606, 
10698, 
10747, 
10819, 
10656, 
10545, 
10468, 
10417, 
10458, 
10688, 
10786, 
10651, 
10744, 
10859, 
10795, 
10660, 
10725, 
10735, 
10659, 
10936, 
10992, 
11072, 
11237, 
11105, 
11104, 
11248, 
11311, 
11371, 
11309, 
11285, 
11343, 
11316, 
11344, 
11565, 
11440, 
11352, 
11325, 
11434, 
11350, 
11328, 
11365, 
11255, 
11410, 
11320, 
11261, 
11154, 
11112, 
11045, 
11052, 
10923, 
11004, 
10884, 
10932, 
10943, 
10949, 
10877, 
10731, 
10603, 
10603, 
10594, 
10596, 
10643, 
10589, 
10632, 
10688, 
10569, 
10477, 
10547, 
10556, 
10431, 
10419, 
10347, 
10444, 
10607, 
10688, 
10718, 
10872, 
10792, 
10779, 
10782, 
10904, 
11024, 
11006, 
11196, 
11098, 
10980, 
11066, 
10934, 
10993, 
10978, 
11086, 
10985, 
10971, 
11100, 
11188, 
11200, 
11253, 
11166, 
11154, 
11012, 
10950, 
10851, 
10595, 
10689, 
10743, 
10647, 
10607, 
10707, 
10689, 
10686, 
10710, 
10744, 
10801, 
10800, 
10764, 
10715, 
10838, 
10840, 
10777, 
10823, 
10868, 
10975, 
10971, 
10803, 
10846, 
11008, 
11075, 
11174, 
11179, 
11266, 
11176, 
11229, 
11346, 
11081, 
11106, 
11153, 
11134, 
11121, 
11097, 
11074, 
11174, 
11130, 
10953, 
10962, 
11037, 
10849, 
10787, 
10669, 
10747, 
10699, 
10703, 
10815, 
10805, 
10860, 
10918, 
10939, 
10869, 
10851, 
10856, 
10755, 
10809, 
10835, 
10968, 
10953, 
10939, 
10971, 
10945, 
10855, 
11002, 
11041, 
10989, 
10781, 
10789, 
10789, 
10639, 
10607, 
10706, 
10780, 
10651, 
10694, 
10712, 
10644, 
10686, 
10588, 
10754, 
10760, 
10839, 
10873, 
10841, 
10832, 
10763, 
10519, 
10499, 
10279, 
10389, 
10611, 
10552, 
10673, 
10712, 
10760, 
10734, 
10789, 
10676, 
10746, 
10754, 
10666, 
10728, 
10797, 
10870, 
10834, 
10786, 
10808, 
10882, 
10812, 
10914, 
10847, 
10849, 
10812, 
10850, 
10763, 
10909, 
10890, 
10764, 
10805, 
10887, 
10855, 
10751, 
10823, 
10716, 
10848, 
10927, 
10918, 
10882, 
10846, 
10722, 
10797, 
10775, 
10689, 
10579, 
10610, 
10779, 
10792, 
10614, 
10582, 
10574, 
10640, 
10793, 
10784, 
10850, 
10831, 
10775, 
10759, 
10839, 
10762, 
10763, 
10822, 
10938, 
10904, 
10770, 
10838, 
10775, 
10737, 
10750, 
10747, 
10825, 
10823, 
10812, 
10821, 
10806, 
10715, 
10841, 
10764, 
10776, 
10589, 
10635, 
10538, 
10506, 
10545, 
10499, 
10613, 
10472, 
10374, 
10353, 
10504, 
10597, 
10583, 
10648, 
10668, 
10576, 
10598, 
10695, 
10710, 
10840, 
10918, 
10990, 
10931, 
10981, 
10961, 
10932, 
10907, 
10848, 
10673, 
10716, 
10769, 
10809, 
10751, 
10733, 
10686, 
10563, 
10544, 
10746, 
10663, 
10572, 
10586, 
10638, 
10659, 
10843, 
10796, 
10793, 
10928, 
11019, 
10949, 
10943, 
10893, 
10939, 
10972, 
11033, 
10976, 
10723, 
10803, 
10751, 
10684, 
10633, 
10750, 
10723, 
10728, 
10667, 
10777, 
10729, 
10644, 
10467, 
10530, 
10573, 
10686, 
10667, 
10765, 
10779, 
10754, 
10585, 
10496, 
10541, 
10548, 
10559, 
10523, 
10509, 
10516, 
10442, 
10457, 
10619, 
10683, 
10763, 
10612, 
10524, 
10494, 
10508, 
10583, 
10531, 
10450, 
10443, 
10360, 
10539, 
10557, 
10454, 
10297, 
10359, 
10312, 
10177, 
10333, 
10648, 
10790, 
10624, 
10392, 
10393, 
10350, 
10179, 
10232, 
10282, 
10383, 
10523, 
10527, 
10544, 
10549, 
10599, 
10620, 
10569, 
10669, 
10615, 
10633, 
10484, 
10455, 
10588, 
10566, 
10646, 
10681, 
10702, 
10748, 
10649, 
10642, 
10514, 
10596, 
10635, 
10490, 
10567, 
10697, 
10797, 
10736, 
10540, 
10525, 
10622, 
10707, 
10768, 
10577, 
10672, 
10602, 
10524, 
10611, 
10644, 
10557, 
10588, 
10614, 
10501, 
10442, 
10250, 
10293, 
10281, 
10156, 
10080, 
10033, 
10168, 
10408, 
10451, 
10464, 
10524, 
10571, 
10552, 
10700, 
10727, 
10571, 
10507, 
10450, 
10472, 
10578, 
10687, 
10595, 
10687, 
10697, 
10672, 
10718, 
10774, 
10834, 
10941, 
10829, 
10857, 
10878, 
10854, 
10826, 
10754, 
10544, 
10719, 
10699, 
10693, 
10733, 
10597, 
10604, 
10544, 
10626, 
10616, 
10767, 
10696, 
10741, 
10693, 
10774, 
10908, 
10903, 
10755, 
10866, 
11030, 
11014, 
10832, 
10665, 
10778, 
10659, 
10816, 
10716, 
10734, 
10509, 
10627, 
10680, 
10717, 
10892, 
10835, 
10752, 
10762, 
10662, 
10829, 
10741, 
10808, 
10819, 
10722, 
10720, 
10555, 
10504, 
10389, 
10492, 
10669, 
10637, 
10553, 
10614, 
10654, 
10650, 
10597, 
10707, 
10656, 
10668, 
10762, 
10755, 
10723, 
10681, 
10658, 
10553, 
10529, 
10488, 
10400, 
10348, 
10490, 
10565, 
10559, 
10472, 
10404, 
10360, 
10290, 
10549, 
10687, 
10788, 
10604, 
10647, 
10625, 
10559, 
10586, 
10734, 
10738, 
10977, 
10905, 
10889, 
10734, 
10623, 
10723, 
10578, 
10351, 
10440, 
10556, 
10620, 
10640, 
10646, 
10632, 
10865, 
10780, 
10642, 
10631, 
10670, 
10485, 
10619, 
10531, 
10558, 
10559, 
10622, 
10545, 
10429, 
10343, 
10432, 
10531, 
10402, 
10357, 
10239, 
10191, 
10149, 
10186, 
10136, 
10068, 
10160, 
10101, 
9998, 
10045, 
10078, 
10191, 
10114, 
9919, 
9935, 
9825, 
9997, 
10046, 
9970, 
10239, 
10234, 
10336, 
10463, 
10481, 
10506, 
10597, 
10529, 
10558, 
10518, 
10552, 
10626, 
10627, 
10563, 
10648, 
10625, 
10605, 
10638, 
10586, 
10727, 
10820, 
10966, 
10956, 
10823, 
10830, 
10793, 
10755, 
10669, 
10547, 
10509, 
10524, 
10538, 
10507, 
10543, 
10617, 
10580, 
10588, 
10529, 
10535, 
10449, 
10484, 
10447, 
10421, 
10555, 
10438, 
10420, 
10409, 
10277, 
10179, 
10203, 
10152, 
10132, 
10199, 
10177, 
10241, 
10326, 
10513, 
10360, 
10319, 
10340, 
10453, 
10297, 
10298, 
10331, 
10364, 
10430, 
10543, 
10593, 
10659, 
10617, 
10574, 
10563, 
10475, 
10545, 
10572, 
10509, 
10497, 
10378, 
10483, 
10442, 
10453, 
10410, 
10496, 
10462, 
10464, 
10521, 
10552, 
10469, 
10523, 
10621, 
10763, 
10727, 
10598, 
10692, 
10691, 
10808, 
10777, 
10787, 
10713, 
10739, 
10860, 
10881, 
10928, 
11001, 
10997, 
11114, 
11073, 
11157, 
11158, 
11111, 
11074, 
11177, 
11173, 
11243, 
11072, 
11055, 
10968, 
10861, 
10772, 
10839, 
10773, 
10685, 
10627, 
10599, 
10816, 
10767, 
10840, 
10687, 
10706, 
10638, 
10536, 
10613, 
10439, 
10398, 
10554, 
10592, 
10609, 
10406, 
10369, 
10399, 
10463, 
10383, 
10559, 
10545, 
10524, 
10531, 
10449, 
10297, 
10409, 
10520, 
10496, 
10658, 
10652, 
10587, 
10562, 
10582, 
10595, 
10617, 
10708, 
10833, 
10805, 
10727, 
10547, 
10627, 
10562, 
10551, 
10648, 
10675, 
10659, 
10683, 
10735, 
10691, 
10780, 
10691, 
10963, 
10734, 
10616, 
10643, 
10626, 
10728, 
10725, 
10841, 
10821, 
10640, 
10815, 
10696, 
10905, 
10757, 
10751, 
10721, 
10859, 
10820, 
10889, 
10869, 
10834, 
10936, 
10930, 
10976, 
10922, 
11083, 
11151, 
11166, 
11274, 
11098, 
11220, 
11149, 
11143, 
11251, 
11372, 
11225, 
11097, 
11094, 
10963, 
10929, 
11018, 
10965, 
11052, 
11080, 
11098, 
11067, 
11033, 
11108, 
10946, 
10733, 
10625, 
10527, 
10467, 
10391, 
10356, 
10490, 
10549, 
10391, 
10298, 
10297, 
10194, 
10236, 
10286, 
10290, 
10351, 
10382, 
10449, 
10488, 
10715, 
10791, 
10659, 
10748, 
10796, 
10755, 
10655, 
10516, 
10458, 
10529, 
10573, 
10561, 
10493, 
10528, 
10466, 
10494, 
10316, 
10318, 
10388, 
10501, 
10552, 
10511, 
10523, 
10501, 
10635, 
10604, 
10600, 
10559, 
10604, 
10692, 
10724, 
10779, 
10866, 
10816, 
11035, 
10976, 
10895, 
10809, 
10832, 
10821, 
10621, 
10580, 
10616, 
10489, 
10514, 
10627, 
10632, 
10604, 
10452, 
10512, 
10503, 
10599, 
10610, 
10521, 
10585, 
10697, 
10751, 
10732, 
10743, 
10687, 
10633, 
10674, 
10759, 
10864, 
10903, 
11072, 
11083, 
10906, 
10967, 
10887, 
10947, 
11066, 
11004, 
10964, 
10912, 
10982, 
10961, 
10926, 
10914, 
10815, 
10872, 
10881, 
10989, 
10968, 
11023, 
10993, 
10937, 
10874, 
10843, 
10608, 
10585, 
10586, 
10523, 
10374, 
10404, 
10297, 
10467, 
10588, 
10450, 
10496, 
10464, 
10468, 
10422, 
10450, 
10481, 
10687, 
10567, 
10762, 
10666, 
10541, 
10601, 
10668, 
10774, 
10733, 
10695, 
10687, 
10664, 
10669, 
10741, 
10765, 
10675, 
10752, 
10642, 
10411, 
10398, 
10130, 
10242, 
10418, 
10509, 
10493, 
10607, 
10644, 
10595, 
10555, 
10522, 
10676, 
10501, 
10567, 
10729, 
10646, 
10646, 
10714, 
10721, 
10632, 
10686, 
10558, 
10381, 
10416, 
10430, 
10506, 
10513, 
10512, 
10502, 
10468, 
10543, 
10501, 
10496, 
10520, 
10585, 
10555, 
10451, 
10523, 
10420, 
10326, 
10406, 
10392, 
10421, 
10496, 
10410, 
10381, 
10405, 
10468, 
10446, 
10530, 
10432, 
10501, 
10634, 
10621, 
10707, 
10627, 
10572, 
10538, 
10460, 
10460, 
10620, 
10662, 
10642, 
10706, 
10589, 
10597, 
10758, 
10858, 
10844, 
10889, 
10945, 
11015, 
10868, 
10922, 
10826, 
10837, 
10786, 
10863, 
10980, 
10922, 
10898, 
10954, 
10875, 
10794, 
10801, 
10866, 
10742, 
10800, 
10772, 
10853, 
10920, 
10877, 
10927, 
10969, 
11002, 
10979, 
10739, 
10652, 
10652, 
10741, 
10654, 
10705, 
10612, 
10752, 
10726, 
10720, 
10679, 
10635, 
10595, 
10575, 
10543, 
10574, 
10474, 
10641, 
10580, 
10612, 
10743, 
10744, 
10716, 
10762, 
10804, 
10788, 
10544, 
10478, 
10368, 
10433, 
10409, 
10502, 
10567, 
10753, 
10769, 
10920, 
11076, 
11230, 
11195, 
11223, 
11069, 
11144, 
11108, 
10946, 
10903, 
10805, 
10875, 
10863, 
10713, 
10627, 
10720, 
10704, 
10879, 
10884, 
10684, 
10759, 
10886, 
10893, 
10826, 
10897, 
10910, 
10947, 
11007, 
10830, 
11032, 
10914, 
10959, 
10882, 
10867, 
10826, 
10906, 
10808, 
10666, 
10787, 
10683, 
10721, 
10757, 
10699, 
10653, 
10589, 
10600, 
10769, 
10611, 
10733, 
10873, 
10725, 
10661, 
10630, 
10727, 
10740, 
10774, 
10811, 
10844, 
10846, 
10679, 
10540, 
10643, 
10698, 
10600, 
10570, 
10582, 
10543, 
10539, 
10495, 
10454, 
10386, 
10192, 
10153, 
10171, 
10519, 
10472, 
10467, 
10575, 
10574, 
10488, 
10674, 
10811, 
11031, 
10929, 
11026, 
11011, 
11007, 
11039, 
10974, 
10708, 
10724, 
10819, 
10978, 
10908, 
10920, 
10796, 
10716, 
10773, 
10719, 
10640, 
10699, 
10500, 
10385, 
10539, 
10580, 
10552, 
10456, 
10399, 
10594, 
10498, 
10480, 
10526, 
10797, 
10887, 
10793, 
10777, 
10691, 
10636, 
10413, 
10512, 
10549, 
10652, 
10599, 
10625, 
10702, 
10591, 
10674, 
10683, 
10647, 
10697, 
10671, 
10521, 
10567, 
10355, 
10277, 
10327, 
10266, 
10271, 
10316, 
10285, 
10298, 
10184, 
10166, 
10142, 
10075, 
10110, 
10232, 
10294, 
10209, 
10319, 
10228, 
10321, 
10337, 
10445, 
10449, 
10417, 
10378, 
10248, 
10346, 
10500, 
10428, 
10390, 
10483, 
10385, 
10441, 
10489, 
10431, 
10411, 
10454, 
10364, 
10202, 
10122, 
10241, 
10183, 
10064, 
10117, 
9857, 
9895, 
9954, 
10050, 
10286, 
10318, 
10344, 
10448, 
10518, 
10351, 
10343, 
10181, 
10230, 
10146, 
10260, 
10365, 
10372, 
10404, 
10368, 
10277, 
10382, 
10365, 
10310, 
10135, 
10211, 
10182, 
10084, 
10238, 
10220, 
10171, 
10173, 
10176, 
10419, 
10440, 
10392, 
10488, 
10467, 
10289, 
10353, 
10306, 
10372, 
10356, 
10426, 
10426, 
10620, 
10483, 
10491, 
10280, 
10349, 
10304, 
10287, 
10309, 
10196, 
10246, 
10311, 
10332, 
10410, 
10502, 
10529, 
10707, 
10652, 
10583, 
10452, 
10404, 
10330, 
10322, 
10248, 
10159, 
10175, 
10384, 
10348, 
10394, 
10506, 
10523, 
10404, 
10546, 
10661, 
10544, 
10488, 
10369, 
10447, 
10315, 
10374, 
10310, 
10415, 
10514, 
10425, 
10479, 
10550, 
10554, 
10465, 
10516, 
10508, 
10581, 
10493, 
10407, 
10284, 
10186, 
10202, 
10303, 
10415, 
10356, 
10353, 
10438, 
10334, 
10276, 
10313, 
10190, 
10185, 
10097, 
10217, 
10241, 
10185, 
10221, 
10265, 
10425, 
10462, 
10416, 
10379, 
10468, 
10523, 
10492, 
10487, 
10442, 
10451, 
10369, 
10502, 
10539, 
10480, 
10316, 
10237, 
10219, 
10405, 
10416, 
10446, 
10445, 
10565, 
10530, 
10638, 
10725, 
10633, 
10452, 
10451, 
10399, 
10404, 
10366, 
10298, 
10278, 
10343, 
10304, 
10371, 
10362, 
10641, 
10748, 
10942, 
10857, 
10880, 
10757, 
10654, 
10445, 
10456, 
10449, 
10464, 
10480, 
10598, 
10541, 
10536, 
10578, 
10709, 
10651, 
10800, 
11046, 
10835, 
10737, 
10594, 
10463, 
10299, 
10459, 
10450, 
10273, 
9978, 
9859, 
9912, 
9942, 
10034, 
10001, 
9899, 
9883, 
9930, 
9913, 
10069, 
10088, 
9934, 
9913, 
9937, 
9874, 
9801, 
9851, 
10016, 
10082, 
10163, 
10151, 
10344, 
10378, 
10529, 
10520, 
10521, 
10352, 
10376, 
10454, 
10522, 
10502, 
10470, 
10282, 
10401, 
10427, 
10431, 
10497, 
10358, 
10321, 
10402, 
10342, 
10451, 
10408, 
10634, 
10497, 
10618, 
10755, 
10858, 
10696, 
10604, 
10641, 
10655, 
10620, 
10705, 
10763, 
10716, 
10571, 
10692, 
10569, 
10613, 
10711, 
10599, 
10548, 
10587, 
10579, 
10597, 
10479, 
10464, 
10505, 
10742, 
10789, 
10783, 
10774, 
10707, 
10773, 
10758, 
10831, 
10687, 
10794, 
10839, 
10892, 
10968, 
11024, 
10978, 
11031, 
11206, 
11110, 
11030, 
10886, 
10875, 
10874, 
10816, 
10781, 
10787, 
10815, 
10871, 
10910, 
10913, 
11040, 
10992, 
10812, 
10944, 
10919, 
10706, 
10596, 
10398, 
10402, 
10477, 
10376, 
10463, 
10463, 
10409, 
10402, 
10523, 
10533, 
10624, 
10529, 
10554, 
10595, 
10542, 
10593, 
10577, 
10576, 
10612, 
10806, 
10715, 
10586, 
10534, 
10641, 
10630, 
10658, 
10717, 
10635, 
10713, 
10558, 
10504, 
10414, 
10425, 
10305, 
10444, 
10459, 
10462, 
10381, 
10311, 
10296, 
10192, 
10203, 
10082, 
10109, 
10133, 
10135, 
10361, 
10232, 
10138, 
10271, 
10217, 
10210, 
10139, 
10231, 
10322, 
10155, 
10173, 
10188, 
10260, 
10246, 
10386, 
10361, 
10366, 
10328, 
10305, 
10402, 
10363, 
10434, 
10383, 
10421, 
10553, 
10643, 
10605, 
10760, 
10799, 
10626, 
10667, 
10556, 
10206, 
10111, 
10087, 
10231, 
10146, 
10216, 
10315, 
10527, 
10447, 
10532, 
10689, 
10646, 
10661, 
10776, 
10654, 
10609, 
10722, 
10609, 
10632, 
10589, 
10653, 
10700, 
10587, 
10578, 
10649, 
10497, 
10638, 
10672, 
10671, 
10726, 
10639, 
10750, 
10726, 
10767, 
10875, 
10909, 
10915, 
10933, 
10807, 
10794, 
10922, 
10881, 
10873, 
10743, 
10811, 
10772, 
10838, 
10954, 
11083, 
11162, 
11070, 
11056, 
11076, 
11086, 
11184, 
11276, 
11282, 
11454, 
11423, 
11400, 
11312, 
11284, 
11222, 
11225, 
11267, 
11256, 
11054, 
10927, 
10970, 
10800, 
10945, 
10885, 
10962, 
11025, 
11026, 
11328, 
11344, 
11323, 
11312, 
11084, 
11257, 
11340, 
11391, 
11438, 
11449, 
11469, 
11259, 
11300, 
11155, 
11187, 
11113, 
11103, 
11108, 
11086, 
11000, 
10927, 
11080, 
10975, 
10737, 
10796, 
10948, 
10950, 
10764, 
10806, 
10820, 
10932, 
10829, 
10840, 
10694, 
10665, 
10564, 
10577, 
10614, 
10567, 
10654, 
10769, 
10735, 
10751, 
10852, 
10846, 
10752, 
10903, 
10826, 
10814, 
10689, 
10672, 
10659, 
10653, 
10755, 
10887, 
10764, 
10784, 
10826, 
10860, 
10893, 
10955, 
10869, 
10893, 
10908, 
11098, 
11040, 
10927, 
11050, 
11249, 
11178, 
10966, 
10836, 
10754, 
10648, 
10574, 
10546, 
10361, 
10377, 
10395, 
10293, 
10491, 
10471, 
10511, 
10571, 
10793, 
10764, 
10672, 
10597, 
10645, 
10626, 
10617, 
10547, 
10540, 
10629, 
10690, 
10713, 
10785, 
10844, 
10991, 
11089, 
10982, 
11072, 
11030, 
11066, 
11195, 
11146, 
11058, 
11023, 
11104, 
10979, 
10956, 
10853, 
10912, 
11000, 
10936, 
10903, 
10864, 
10934, 
10934, 
10832, 
10843, 
10831, 
10784, 
10878, 
10972, 
10747, 
10606, 
10556, 
10681, 
10775, 
10687, 
10704, 
10773, 
10769, 
10722, 
10696, 
10754, 
10789, 
10794, 
10789, 
10778, 
10787, 
10788, 
10624, 
10734, 
10870, 
10805, 
10715, 
10664, 
10739, 
10757, 
10742, 
10807, 
10787, 
10864, 
10928, 
10968, 
10961, 
10857, 
10947, 
10858, 
10934, 
10921, 
10831, 
10756, 
10675, 
10698, 
10583, 
10639, 
10570, 
10641, 
10687, 
10639, 
10862, 
10828, 
10845, 
10831, 
11007, 
11119, 
11104, 
11152, 
11047, 
10920, 
10803, 
10773, 
10710, 
10557, 
10449, 
10329, 
10270, 
10498, 
10474, 
10470, 
10611, 
10458, 
10393, 
10454, 
10429, 
10385, 
10419, 
10289, 
10188, 
10183, 
10278, 
10348, 
10331, 
10365, 
10250, 
10102, 
10234, 
10318, 
10441, 
10580, 
10427, 
10464, 
10551, 
10595, 
10604, 
10598, 
10549, 
10507, 
10307, 
10328, 
10347, 
10232, 
10176, 
10304, 
10429, 
10414, 
10566, 
10599, 
10710, 
10581, 
10550, 
10509, 
10307, 
10279, 
10354, 
10335, 
10374, 
10275, 
10271, 
10192, 
10081, 
10020, 
9928, 
10097, 
10187, 
10276, 
10196, 
10052, 
10159, 
10266, 
10253, 
10346, 
10498, 
10647, 
10718, 
10890, 
10787, 
10639, 
10626, 
10557, 
10480, 
10445, 
10451, 
10359, 
10363, 
10432, 
10379, 
10296, 
10334, 
10421, 
10553, 
10681, 
10661, 
10622, 
10664, 
10543, 
10591, 
10699, 
10813, 
10824, 
10953, 
10823, 
10793, 
10859, 
10805, 
10704, 
10748, 
10704, 
10667, 
10689, 
10682, 
10733, 
10909, 
10836, 
10883, 
10826, 
10742, 
10842, 
10888, 
10865, 
10852, 
10953, 
10922, 
10873, 
10984, 
10888, 
10908, 
10863, 
10845, 
10957, 
10889, 
10942, 
10920, 
10832, 
10970, 
10949, 
10734, 
10855, 
10876, 
10747, 
10896, 
10943, 
10930, 
10953, 
10996, 
10885, 
10651, 
10831, 
10783, 
10768, 
10726, 
10782, 
10820, 
10927, 
10801, 
10741, 
10722, 
10614, 
10587, 
10540, 
10559, 
10581, 
10632, 
10755, 
10741, 
10739, 
10676, 
10596, 
10549, 
10704, 
10667, 
10724, 
10725, 
10755, 
10902, 
11014, 
10837, 
10816, 
10656, 
10554, 
10544, 
10360, 
10447, 
10395, 
10517, 
10569, 
10630, 
10692, 
10817, 
10932, 
10888, 
10908, 
11059, 
11150, 
11145, 
10995, 
10997, 
10964, 
10871, 
10835, 
10656, 
10568, 
10424, 
10507, 
10365, 
10315, 
10371, 
10439, 
10194, 
10284, 
10196, 
10118, 
10195, 
10307, 
10306, 
10289, 
10308, 
10339, 
10213, 
10236, 
10271, 
10067, 
9938, 
9875, 
9901, 
9963, 
10007, 
9981, 
10059, 
10062, 
10204, 
10306, 
10220, 
10168, 
10115, 
10241, 
10355, 
10453, 
10444, 
10610, 
10544, 
10492, 
10323, 
10359, 
10370, 
10449, 
10413, 
10284, 
10410, 
10339, 
10417, 
10434, 
10441, 
10422, 
10339, 
10250, 
10152, 
10085, 
10203, 
10276, 
10268, 
10248, 
10181, 
10098, 
9996, 
9834, 
9819, 
9801, 
10015, 
10073, 
10069, 
10113, 
10415, 
10281, 
10405, 
10387, 
10414, 
10552, 
10722, 
10787, 
10634, 
10460, 
10645, 
10601, 
10637, 
10650, 
10582, 
10465, 
10507, 
10663, 
10502, 
10417, 
10348, 
10359, 
10367, 
10606, 
10590, 
10687, 
10610, 
10523, 
10557, 
10603, 
10695, 
10815, 
10728, 
10717, 
10778, 
10779, 
10918, 
10989, 
10985, 
10862, 
11019, 
11097, 
11040, 
11183, 
11206, 
11269, 
11165, 
11238, 
11058, 
11115, 
11065, 
11033, 
11057, 
11095, 
11091, 
11116, 
11127, 
11058, 
11000, 
10920, 
10850, 
10840, 
10926, 
10851, 
10841, 
10728, 
10732, 
10732, 
10746, 
10890, 
10825, 
10847, 
10691, 
10627, 
10686, 
10736, 
10800, 
10860, 
10658, 
10605, 
10537, 
10385, 
10489, 
10609, 
10606, 
10543, 
10560, 
10614, 
10592, 
10683, 
10583, 
10571, 
10543, 
10622, 
10668, 
10683, 
10881, 
10805, 
10764, 
10788, 
10849, 
10805, 
10885, 
11035, 
11008, 
11106, 
11167, 
11014, 
11066, 
11125, 
11315, 
11381, 
11333, 
11267, 
11184, 
11246, 
11328, 
11340, 
11382, 
11420, 
11270, 
11310, 
11363, 
11399, 
11261, 
11322, 
11301, 
11346, 
11259, 
11059, 
11018, 
11052, 
10875, 
10677, 
10769, 
10718, 
10640, 
10654, 
10731, 
10700, 
10859, 
10735, 
10697, 
10680, 
10718, 
10533, 
10576, 
10527, 
10537, 
10602, 
10529, 
10588, 
10519, 
10631, 
10663, 
10764, 
10873, 
10794, 
10757, 
10705, 
10672, 
10583, 
10493, 
10491, 
10476, 
10471, 
10641, 
10811, 
10918, 
11082, 
10923, 
11035, 
11062, 
11165, 
11198, 
11127, 
10830, 
10861, 
10888, 
10858, 
10849, 
10901, 
10754, 
10720, 
10752, 
10816, 
10780, 
10789, 
10851, 
10894, 
10769, 
10847, 
10631, 
10542, 
10509, 
10653, 
10760, 
10813, 
10964, 
10781, 
10809, 
10842, 
10802, 
10686, 
10478, 
10584, 
10738, 
10676, 
10517, 
10554, 
10546, 
10485, 
10225, 
10198, 
10214, 
10109, 
10168, 
10340, 
10473, 
10379, 
10389, 
10320, 
10497, 
10442, 
10575, 
10686, 
10684, 
10670, 
10498, 
10635, 
10585, 
10349, 
10220, 
10227, 
10248, 
10366, 
10331, 
10460, 
10719, 
10758, 
10762, 
10873, 
10739, 
10890, 
11054, 
11160, 
11165, 
11086, 
10976, 
10704, 
10743, 
10670, 
10657, 
10619, 
10579, 
10621, 
10634, 
10494, 
10618, 
10575, 
10638, 
10641, 
10583, 
10750, 
10813, 
10908, 
10933, 
11096, 
11204, 
11077, 
11030, 
10913, 
10836, 
10739, 
10719, 
10877, 
10923, 
10822, 
10711, 
10725, 
10783, 
10753, 
10792, 
10672, 
10565, 
10357, 
10392, 
10526, 
10737, 
10452, 
10680, 
10747, 
10549, 
10547, 
10518, 
10388, 
10507, 
10554, 
10516, 
10553, 
10597, 
10565, 
10400, 
10538, 
10533, 
10384, 
10413, 
10512, 
10490, 
10308, 
10176, 
10354, 
10384, 
10247, 
10145, 
10309, 
10314, 
10381, 
10473, 
10519, 
10556, 
10599, 
10575, 
10558, 
10566, 
10589, 
10602, 
10547, 
10420, 
10603, 
10532, 
10502, 
10594, 
10513, 
10711, 
10693, 
10755, 
10776, 
10596, 
10712, 
10823, 
10706, 
10538, 
10602, 
10664, 
10742, 
10624, 
10745, 
10443, 
10353, 
10246, 
10289, 
10399, 
10437, 
10505, 
10395, 
10504, 
10668, 
10701, 
10743, 
10875, 
10877, 
10795, 
10698, 
10661, 
10710, 
10587, 
10656, 
10492, 
10635, 
10674, 
10706, 
10866, 
10939, 
10894, 
10915, 
10819, 
