39040, 
32664, 
28561, 
25692, 
23460, 
21689, 
20090, 
18726, 
17608, 
16633, 
15872, 
15246, 
14681, 
14103, 
13456, 
13144, 
12818, 
12431, 
12211, 
11874, 
11598, 
11376, 
11095, 
10956, 
10824, 
10425, 
10316, 
9992, 
9727, 
9711, 
9608, 
9453, 
9209, 
9007, 
8915, 
8873, 
8896, 
8796, 
8885, 
8773, 
8601, 
8596, 
8641, 
8628, 
8622, 
8573, 
8478, 
8277, 
8269, 
8213, 
7954, 
7906, 
7867, 
7877, 
7889, 
7805, 
7789, 
7922, 
8042, 
8078, 
7966, 
7998, 
7937, 
7894, 
7765, 
7818, 
7830, 
7724, 
7731, 
7661, 
7565, 
7633, 
7574, 
7506, 
7392, 
7406, 
7278, 
7287, 
7276, 
7188, 
7232, 
7084, 
7062, 
7109, 
7109, 
7195, 
7122, 
7199, 
7332, 
7391, 
7538, 
7520, 
7594, 
7588, 
7574, 
7415, 
7346, 
7415, 
7279, 
7250, 
7238, 
7432, 
7422, 
7519, 
7449, 
7322, 
7368, 
7259, 
7216, 
7362, 
7335, 
7318, 
7388, 
7355, 
7347, 
7352, 
7387, 
7314, 
7179, 
7080, 
7057, 
7018, 
6947, 
6922, 
7026, 
7065, 
7027, 
7024, 
6981, 
6849, 
7015, 
7150, 
7143, 
7194, 
7216, 
7251, 
7344, 
7405, 
7375, 
7430, 
7431, 
7377, 
7345, 
7368, 
7287, 
7281, 
7396, 
7434, 
7419, 
7277, 
7119, 
7186, 
7124, 
7216, 
7106, 
7050, 
6917, 
6980, 
7095, 
7190, 
7279, 
7311, 
7270, 
7385, 
7393, 
7377, 
7386, 
7318, 
7305, 
7186, 
7245, 
7216, 
7175, 
7286, 
7348, 
7433, 
7371, 
7268, 
7359, 
7412, 
7557, 
7611, 
7460, 
7438, 
7464, 
7494, 
7411, 
7405, 
7410, 
7554, 
7661, 
7621, 
7628, 
7571, 
7576, 
7587, 
7725, 
7688, 
7778, 
8003, 
7943, 
7961, 
7769, 
7876, 
7780, 
7655, 
7529, 
7426, 
7478, 
7541, 
7563, 
7613, 
7619, 
7752, 
7641, 
7604, 
7717, 
7675, 
7783, 
7683, 
7702, 
7567, 
7491, 
7660, 
7715, 
7676, 
7781, 
7772, 
7636, 
7543, 
7601, 
7515, 
7463, 
7512, 
7405, 
7333, 
7267, 
7305, 
7376, 
7240, 
7197, 
7321, 
7289, 
7451, 
7459, 
7561, 
7541, 
7714, 
7827, 
7796, 
7897, 
7740, 
7709, 
7784, 
7805, 
7785, 
7756, 
7664, 
7621, 
7641, 
7569, 
7388, 
7367, 
7371, 
7436, 
7490, 
7586, 
7703, 
7628, 
7545, 
7447, 
7398, 
7324, 
7242, 
7270, 
7216, 
7198, 
7088, 
7085, 
6933, 
7024, 
7078, 
6988, 
7022, 
6978, 
7054, 
7036, 
7004, 
6940, 
6918, 
6807, 
6867, 
6844, 
6898, 
6886, 
6848, 
6871, 
6922, 
6851, 
6847, 
6842, 
6863, 
6829, 
6818, 
6828, 
6866, 
6840, 
6758, 
6770, 
6533, 
6611, 
6705, 
6711, 
6730, 
6704, 
6647, 
6613, 
6833, 
6863, 
6778, 
6783, 
6693, 
6662, 
6616, 
6594, 
6603, 
6587, 
6522, 
6410, 
6359, 
6372, 
6458, 
6424, 
6389, 
6404, 
6346, 
6268, 
6417, 
6429, 
6515, 
6578, 
6495, 
6552, 
6682, 
6748, 
6746, 
6837, 
6954, 
7042, 
7172, 
7207, 
7270, 
7184, 
7226, 
7259, 
7389, 
7323, 
7542, 
7556, 
7587, 
7584, 
7579, 
7636, 
7597, 
7555, 
7513, 
7489, 
7727, 
7678, 
7625, 
7597, 
7400, 
7341, 
7231, 
7181, 
7163, 
7268, 
7297, 
7241, 
7082, 
7088, 
7116, 
7199, 
7192, 
7081, 
7099, 
7175, 
7142, 
7186, 
7095, 
7154, 
7044, 
6966, 
6972, 
6933, 
6919, 
6876, 
6930, 
6886, 
6925, 
6954, 
7153, 
7278, 
7229, 
7256, 
7316, 
7289, 
7344, 
7348, 
7239, 
7220, 
7346, 
7244, 
7207, 
7145, 
7115, 
7198, 
7127, 
7232, 
7236, 
7376, 
7380, 
7299, 
7343, 
7279, 
7281, 
7264, 
7402, 
7384, 
7294, 
7160, 
7185, 
7209, 
7246, 
7206, 
7231, 
7216, 
7108, 
7015, 
7014, 
7009, 
7086, 
7084, 
7159, 
7294, 
7263, 
7284, 
7234, 
7329, 
7224, 
7134, 
7194, 
7222, 
7180, 
7321, 
7405, 
7328, 
7254, 
7272, 
7269, 
7307, 
7159, 
7099, 
7045, 
7010, 
6898, 
6891, 
6827, 
6920, 
6896, 
6881, 
6841, 
6967, 
7026, 
6946, 
6991, 
7011, 
6999, 
6932, 
6882, 
6933, 
7041, 
7050, 
7007, 
7079, 
7085, 
7092, 
7295, 
7316, 
7276, 
7174, 
7383, 
7382, 
7347, 
7445, 
7238, 
7143, 
7143, 
7089, 
7020, 
7016, 
6975, 
7047, 
6839, 
6874, 
6876, 
6986, 
7035, 
6959, 
7011, 
6986, 
6978, 
7046, 
6987, 
6952, 
6907, 
6919, 
7036, 
7145, 
7294, 
7316, 
7151, 
7105, 
7185, 
7282, 
7159, 
7181, 
7090, 
7125, 
7137, 
7000, 
7069, 
7111, 
7048, 
7052, 
7094, 
7096, 
7087, 
7207, 
7282, 
7219, 
7304, 
7155, 
7121, 
7190, 
7217, 
7182, 
7215, 
7216, 
7245, 
7240, 
7090, 
7034, 
6993, 
7089, 
6976, 
6863, 
6835, 
6806, 
6864, 
6813, 
6766, 
6691, 
6676, 
6715, 
6650, 
6715, 
6704, 
6749, 
6827, 
7053, 
7266, 
7303, 
7250, 
7348, 
7268, 
7252, 
7230, 
7095, 
7114, 
7142, 
7197, 
7285, 
7270, 
7233, 
7152, 
7195, 
7171, 
7218, 
7184, 
7089, 
7022, 
6972, 
7076, 
7068, 
7020, 
7149, 
7158, 
6962, 
6911, 
7007, 
7010, 
7061, 
7030, 
6798, 
6774, 
6720, 
6693, 
6618, 
6560, 
6426, 
6283, 
6378, 
6446, 
6369, 
6418, 
6566, 
6491, 
6484, 
6492, 
6540, 
6523, 
6463, 
6396, 
6479, 
6478, 
6534, 
6624, 
6682, 
6737, 
6664, 
6673, 
6697, 
6756, 
6666, 
6668, 
6641, 
6679, 
6675, 
6629, 
6778, 
6954, 
6927, 
6773, 
6570, 
6582, 
6691, 
6710, 
6784, 
6699, 
6709, 
6817, 
6802, 
6705, 
6720, 
6833, 
6798, 
6898, 
6970, 
6889, 
6841, 
6914, 
6893, 
6916, 
7042, 
6965, 
7004, 
7037, 
7118, 
7205, 
7263, 
7229, 
7333, 
7400, 
7432, 
7386, 
7295, 
7271, 
7245, 
7249, 
7074, 
7111, 
7044, 
6936, 
6993, 
6919, 
6958, 
6933, 
6898, 
6865, 
6820, 
6728, 
6621, 
6573, 
6524, 
6527, 
6599, 
6620, 
6643, 
6546, 
6483, 
6558, 
6434, 
6381, 
6235, 
6116, 
6117, 
6249, 
6308, 
6416, 
6501, 
6480, 
6420, 
6354, 
6408, 
6519, 
6459, 
6426, 
6539, 
6599, 
6782, 
6607, 
6771, 
6772, 
6795, 
6800, 
6849, 
6898, 
6927, 
6882, 
6969, 
6961, 
6896, 
6791, 
6931, 
6987, 
7019, 
7129, 
6995, 
7075, 
7195, 
7171, 
7206, 
7216, 
7187, 
7244, 
7286, 
7300, 
7343, 
7412, 
7343, 
7421, 
7437, 
7350, 
7138, 
7141, 
7102, 
7141, 
7158, 
7162, 
7125, 
7152, 
7111, 
7110, 
7004, 
7004, 
6787, 
6868, 
6789, 
6784, 
6783, 
6751, 
6599, 
6554, 
6594, 
6627, 
6607, 
6656, 
6758, 
6757, 
6787, 
6816, 
6802, 
6785, 
6778, 
6805, 
6906, 
6955, 
6924, 
6922, 
6935, 
7044, 
7026, 
6964, 
7056, 
6836, 
6793, 
6875, 
6993, 
7011, 
6874, 
6877, 
6916, 
6788, 
6950, 
6950, 
6977, 
7026, 
6973, 
6979, 
7051, 
7072, 
7013, 
6897, 
6849, 
6968, 
6996, 
7115, 
7160, 
7205, 
7143, 
7180, 
7201, 
7187, 
7110, 
7146, 
7061, 
7102, 
7107, 
7004, 
7083, 
7024, 
7031, 
6955, 
7068, 
7004, 
7021, 
7055, 
7010, 
7107, 
7065, 
7101, 
7062, 
7017, 
6937, 
6784, 
6771, 
6724, 
6690, 
6811, 
6861, 
6893, 
6955, 
7109, 
7090, 
7014, 
6991, 
7078, 
7152, 
7151, 
6967, 
6907, 
6801, 
6827, 
6806, 
6792, 
6902, 
6886, 
6953, 
7003, 
6980, 
6848, 
6914, 
6764, 
6845, 
6694, 
6539, 
6463, 
6595, 
6681, 
6757, 
6876, 
6807, 
6843, 
6904, 
6914, 
6885, 
6901, 
6931, 
6907, 
6955, 
7156, 
7175, 
7116, 
7144, 
7160, 
7152, 
7240, 
7200, 
7221, 
7240, 
7229, 
7285, 
7368, 
7390, 
7417, 
7404, 
7403, 
7212, 
7284, 
7271, 
7189, 
7134, 
7089, 
7142, 
7184, 
7060, 
7163, 
7137, 
7117, 
7092, 
6964, 
7007, 
7037, 
6973, 
7031, 
6934, 
6994, 
7104, 
7055, 
6968, 
6877, 
6880, 
6858, 
6806, 
6785, 
6717, 
6689, 
6693, 
6669, 
6656, 
6706, 
6697, 
6652, 
6729, 
6879, 
6968, 
6944, 
6874, 
6942, 
6918, 
6985, 
6698, 
6794, 
6764, 
6704, 
6792, 
6837, 
6678, 
6618, 
6554, 
6626, 
6711, 
6587, 
6696, 
6672, 
6737, 
6726, 
6840, 
6900, 
6811, 
6856, 
6807, 
6812, 
6695, 
6842, 
6839, 
6911, 
6954, 
7204, 
7263, 
7218, 
7251, 
7220, 
7115, 
7072, 
7202, 
7238, 
7256, 
7128, 
6989, 
7025, 
6932, 
7000, 
7022, 
6916, 
6950, 
6951, 
6961, 
6998, 
6851, 
6839, 
6801, 
6924, 
7050, 
6977, 
6877, 
6760, 
6753, 
6812, 
6787, 
6846, 
6922, 
6983, 
6968, 
7023, 
7013, 
6922, 
6915, 
7014, 
6969, 
6932, 
6802, 
6793, 
6676, 
6632, 
6576, 
6716, 
6786, 
6722, 
6734, 
6731, 
6819, 
6782, 
6697, 
6731, 
6941, 
6919, 
6667, 
6609, 
6606, 
6610, 
6643, 
6717, 
6698, 
6692, 
6727, 
6738, 
6722, 
6767, 
6720, 
6760, 
6738, 
6809, 
6755, 
6711, 
6685, 
6615, 
6568, 
6651, 
6711, 
6648, 
6583, 
6638, 
6704, 
6736, 
6723, 
6653, 
6723, 
6748, 
6712, 
6667, 
6649, 
6666, 
6675, 
6784, 
6827, 
6917, 
6919, 
6919, 
6864, 
6838, 
6882, 
6822, 
6809, 
6947, 
7043, 
7139, 
6987, 
6978, 
7011, 
6929, 
6901, 
6907, 
6836, 
6752, 
6638, 
6651, 
6692, 
6762, 
6810, 
6805, 
6683, 
6679, 
6702, 
6702, 
6870, 
6846, 
6838, 
6798, 
6935, 
7019, 
6946, 
6834, 
6773, 
6704, 
6816, 
6792, 
6795, 
6994, 
7104, 
7218, 
7095, 
7078, 
7006, 
7133, 
7082, 
7010, 
6997, 
6975, 
7054, 
7076, 
7166, 
6996, 
7037, 
6998, 
6927, 
7015, 
6993, 
6843, 
6803, 
6939, 
6925, 
6963, 
6818, 
6913, 
6953, 
7052, 
7056, 
6916, 
6937, 
6849, 
6848, 
6829, 
6893, 
6887, 
6827, 
6811, 
6784, 
6674, 
6676, 
6758, 
6770, 
6647, 
6706, 
6747, 
6788, 
6894, 
6827, 
6889, 
6887, 
7050, 
7012, 
6971, 
6838, 
6876, 
6949, 
6998, 
7028, 
7021, 
7021, 
7085, 
7189, 
7264, 
7328, 
7349, 
7336, 
7202, 
7075, 
7097, 
7046, 
7000, 
6704, 
6786, 
6753, 
6766, 
6721, 
6777, 
6660, 
6718, 
6704, 
6680, 
6677, 
6649, 
6786, 
6714, 
6712, 
6813, 
6868, 
6970, 
6924, 
6961, 
6978, 
7000, 
7004, 
6931, 
6934, 
6798, 
6690, 
6632, 
6694, 
6590, 
6645, 
6798, 
6840, 
6814, 
6854, 
6785, 
6687, 
6701, 
6710, 
6781, 
6710, 
6723, 
6642, 
6694, 
6703, 
6654, 
6780, 
6749, 
6715, 
6710, 
6663, 
6742, 
6826, 
6714, 
6566, 
6676, 
6796, 
6843, 
6817, 
6958, 
7103, 
7110, 
7098, 
7028, 
7064, 
6922, 
6865, 
6987, 
7003, 
7084, 
7123, 
7121, 
6981, 
6872, 
6830, 
6702, 
6658, 
6678, 
6733, 
6700, 
6762, 
6686, 
6808, 
6829, 
6728, 
6733, 
6740, 
6929, 
7088, 
7056, 
7034, 
7180, 
7196, 
7180, 
7223, 
7275, 
7172, 
7086, 
7089, 
7065, 
7156, 
7083, 
7089, 
7108, 
7094, 
7140, 
7083, 
6997, 
6982, 
7125, 
7036, 
6952, 
6987, 
6995, 
7064, 
7086, 
7131, 
7102, 
7069, 
7052, 
7073, 
7002, 
7063, 
7024, 
7027, 
6982, 
6984, 
6949, 
6928, 
7009, 
7013, 
7022, 
7028, 
6998, 
6997, 
7112, 
7181, 
7236, 
7227, 
7134, 
6940, 
6898, 
6902, 
6794, 
6775, 
6815, 
6873, 
6810, 
6820, 
6728, 
6785, 
6888, 
6929, 
7004, 
7076, 
7121, 
7209, 
7207, 
7239, 
7349, 
7418, 
7328, 
7290, 
7215, 
7157, 
7112, 
7148, 
7156, 
7167, 
7126, 
7058, 
7215, 
7244, 
7431, 
7359, 
7398, 
7321, 
7430, 
7555, 
7543, 
7433, 
7267, 
7248, 
7261, 
7366, 
7272, 
7235, 
7289, 
7137, 
7004, 
6873, 
6855, 
6728, 
6775, 
6851, 
6870, 
6932, 
6950, 
6908, 
6781, 
6726, 
6695, 
6755, 
6788, 
6822, 
6885, 
6870, 
6857, 
6897, 
6916, 
6891, 
6964, 
6932, 
6995, 
7009, 
6848, 
6837, 
6963, 
6940, 
6916, 
6916, 
6895, 
6786, 
6938, 
6969, 
6961, 
6882, 
6909, 
6972, 
6993, 
7123, 
7194, 
7212, 
7127, 
7192, 
7143, 
7047, 
6980, 
6950, 
7158, 
7278, 
7353, 
7347, 
7396, 
7380, 
7435, 
7417, 
7379, 
7476, 
7434, 
7296, 
7260, 
7211, 
7078, 
7068, 
7069, 
7056, 
7000, 
7037, 
7006, 
6978, 
7041, 
6997, 
6886, 
6981, 
7143, 
7110, 
7225, 
7357, 
7300, 
7248, 
7295, 
7311, 
7337, 
7408, 
7498, 
7452, 
7288, 
7298, 
7318, 
7444, 
7448, 
7504, 
7359, 
7467, 
7508, 
7443, 
7265, 
7297, 
7366, 
7317, 
7486, 
7544, 
7653, 
7531, 
7512, 
7421, 
7413, 
7346, 
7442, 
7485, 
7532, 
7499, 
7605, 
7546, 
7639, 
7719, 
7749, 
7608, 
7603, 
7618, 
7586, 
7794, 
7795, 
7827, 
7567, 
7571, 
7557, 
7543, 
7418, 
7306, 
7229, 
7129, 
7004, 
7029, 
7186, 
7017, 
7056, 
7161, 
7026, 
7037, 
7154, 
7199, 
7232, 
7128, 
7078, 
7166, 
7143, 
6999, 
7128, 
6993, 
7011, 
7100, 
7060, 
7112, 
7152, 
7205, 
7180, 
7286, 
7373, 
7447, 
7418, 
7265, 
7422, 
7267, 
7360, 
7476, 
7588, 
7572, 
7554, 
7485, 
7419, 
7431, 
7507, 
7519, 
7476, 
7593, 
7650, 
7643, 
7558, 
7614, 
7566, 
7641, 
7562, 
7602, 
7556, 
7545, 
7645, 
7523, 
7591, 
7668, 
7733, 
7973, 
7889, 
7828, 
7845, 
7806, 
7765, 
7817, 
7665, 
7610, 
7419, 
7426, 
7501, 
7584, 
7623, 
7523, 
7441, 
7616, 
7692, 
7626, 
7538, 
7565, 
7562, 
7751, 
7729, 
7638, 
7559, 
7433, 
7466, 
7544, 
7335, 
7328, 
7412, 
7354, 
7344, 
7335, 
7402, 
7347, 
7385, 
7285, 
7302, 
7240, 
7261, 
7402, 
7366, 
7334, 
7311, 
7358, 
7421, 
7437, 
7368, 
7477, 
7558, 
7695, 
7625, 
7602, 
7429, 
7478, 
7530, 
7495, 
7578, 
7560, 
7499, 
7432, 
7454, 
7431, 
7398, 
7376, 
7449, 
7433, 
7350, 
7349, 
7404, 
7275, 
7238, 
7359, 
7360, 
7359, 
7507, 
7511, 
7583, 
7552, 
7555, 
7584, 
7646, 
7792, 
7776, 
7878, 
7849, 
7787, 
7749, 
7695, 
7855, 
7802, 
7793, 
7743, 
7599, 
7551, 
7608, 
7728, 
7658, 
7642, 
7575, 
7608, 
7552, 
7395, 
7395, 
7418, 
7548, 
7440, 
7363, 
7340, 
7334, 
7377, 
7298, 
7354, 
7413, 
7547, 
7639, 
7521, 
7444, 
7250, 
7290, 
7362, 
7398, 
7510, 
7674, 
7719, 
7770, 
7737, 
7593, 
7547, 
7508, 
7454, 
7502, 
7463, 
7617, 
7682, 
7668, 
7706, 
7600, 
7437, 
7465, 
7514, 
7499, 
7587, 
7581, 
7565, 
7409, 
7405, 
7419, 
7348, 
7294, 
7143, 
7008, 
7092, 
7038, 
7167, 
7134, 
7087, 
7064, 
6994, 
6959, 
6919, 
6954, 
7078, 
7113, 
7095, 
7100, 
7147, 
7073, 
7022, 
7053, 
7131, 
7052, 
7122, 
7029, 
7017, 
6945, 
6969, 
6913, 
6896, 
6873, 
7004, 
7177, 
7200, 
7202, 
7111, 
7127, 
7288, 
7355, 
7197, 
7127, 
7186, 
7172, 
7226, 
7212, 
7346, 
7350, 
7333, 
7368, 
7205, 
7187, 
7114, 
7189, 
7205, 
7368, 
7436, 
7473, 
7465, 
7458, 
7551, 
7631, 
7691, 
7653, 
7779, 
7853, 
7807, 
7839, 
7745, 
7691, 
7633, 
7637, 
7537, 
7441, 
7464, 
7443, 
7268, 
7261, 
7265, 
7261, 
7179, 
7009, 
7022, 
6929, 
6989, 
7076, 
7226, 
7225, 
7262, 
7464, 
7571, 
7487, 
7576, 
7669, 
7711, 
7493, 
7592, 
7572, 
7610, 
7551, 
7646, 
7457, 
7332, 
7223, 
6987, 
6999, 
6963, 
7101, 
7072, 
6987, 
7095, 
7047, 
7136, 
7091, 
7064, 
7088, 
6969, 
7055, 
7108, 
7128, 
7084, 
7070, 
6844, 
6815, 
6775, 
6863, 
6874, 
6791, 
6776, 
6846, 
7010, 
7031, 
6960, 
6914, 
7072, 
7045, 
7043, 
7145, 
7192, 
7066, 
6975, 
6973, 
6788, 
6715, 
6881, 
6940, 
6907, 
6923, 
6970, 
6988, 
7099, 
7019, 
7024, 
6983, 
7069, 
7107, 
7087, 
7058, 
6974, 
7150, 
7090, 
7006, 
6909, 
6893, 
6912, 
6866, 
6790, 
6733, 
6680, 
6622, 
6693, 
6675, 
6564, 
6638, 
6703, 
6711, 
6736, 
6653, 
6651, 
6768, 
6772, 
6815, 
6843, 
6912, 
6952, 
6745, 
6751, 
6862, 
6974, 
6943, 
6951, 
6873, 
6916, 
6859, 
6922, 
7002, 
7034, 
7096, 
7119, 
7139, 
7083, 
6985, 
6983, 
7037, 
6972, 
7049, 
7184, 
7137, 
7120, 
7169, 
7208, 
7000, 
6941, 
7062, 
7041, 
7147, 
7240, 
7245, 
7348, 
7210, 
7212, 
7234, 
7235, 
7197, 
7091, 
7067, 
6974, 
7008, 
7000, 
7079, 
7025, 
7001, 
6920, 
6894, 
6848, 
6942, 
6831, 
6787, 
6999, 
6886, 
6790, 
6908, 
6895, 
6932, 
6872, 
7008, 
7165, 
7155, 
7188, 
7234, 
7234, 
7225, 
7116, 
7230, 
7281, 
7407, 
7326, 
7215, 
7313, 
7296, 
7419, 
7371, 
7320, 
7319, 
7339, 
7310, 
7245, 
7062, 
6974, 
6899, 
6943, 
6898, 
6893, 
6971, 
7067, 
7061, 
7102, 
6923, 
6893, 
6939, 
6935, 
6890, 
6758, 
6907, 
6817, 
6847, 
6850, 
6618, 
6605, 
6558, 
6444, 
6434, 
6538, 
6530, 
6566, 
6548, 
6623, 
6609, 
6592, 
6572, 
6501, 
6530, 
6453, 
6382, 
6473, 
6435, 
6386, 
6431, 
6303, 
6305, 
6344, 
6452, 
6355, 
6366, 
6317, 
6410, 
6373, 
6364, 
6400, 
6420, 
6417, 
6578, 
6519, 
6616, 
6498, 
6357, 
6365, 
6299, 
6339, 
6471, 
6540, 
6551, 
6564, 
6576, 
6657, 
6699, 
6763, 
6792, 
6848, 
6760, 
6868, 
6821, 
6755, 
6793, 
6664, 
6567, 
6595, 
6595, 
6577, 
6598, 
6561, 
6592, 
6571, 
6675, 
6789, 
6964, 
7022, 
7009, 
7033, 
7072, 
7025, 
6971, 
6964, 
6837, 
6782, 
6736, 
6653, 
6710, 
6836, 
6907, 
6939, 
6936, 
6922, 
6930, 
6912, 
6837, 
7000, 
7020, 
6984, 
6906, 
6790, 
6732, 
6571, 
6528, 
6580, 
6590, 
6683, 
6702, 
6645, 
6646, 
6607, 
6637, 
6625, 
6694, 
6748, 
6848, 
6765, 
6764, 
6769, 
6810, 
6942, 
7099, 
7022, 
7023, 
7066, 
7236, 
7260, 
7204, 
7181, 
7237, 
7156, 
7007, 
7087, 
7069, 
7061, 
6972, 
7082, 
7116, 
7001, 
7140, 
7021, 
7068, 
7022, 
7176, 
7149, 
7083, 
7297, 
7098, 
7142, 
7238, 
7262, 
7240, 
7267, 
7157, 
7137, 
7232, 
7024, 
7087, 
7011, 
7055, 
6993, 
7003, 
6912, 
6979, 
6996, 
6971, 
7015, 
6941, 
6972, 
7105, 
7002, 
7046, 
7103, 
7152, 
7084, 
7072, 
7060, 
7108, 
6891, 
6926, 
6943, 
6941, 
6898, 
6837, 
6862, 
6935, 
6986, 
7033, 
6993, 
6921, 
6878, 
6843, 
6866, 
6859, 
6854, 
6741, 
6831, 
6666, 
6713, 
6814, 
6860, 
6843, 
6845, 
6849, 
6962, 
6852, 
6882, 
6829, 
6903, 
6750, 
6792, 
6781, 
6841, 
6938, 
6871, 
6960, 
6961, 
7027, 
6955, 
6993, 
7076, 
7081, 
7018, 
6931, 
6932, 
7033, 
7052, 
6921, 
7025, 
7140, 
7113, 
6946, 
6968, 
6943, 
7020, 
6979, 
6950, 
7024, 
7009, 
7096, 
7100, 
7095, 
7183, 
7108, 
7083, 
7218, 
7142, 
7281, 
7198, 
7394, 
7395, 
7430, 
7476, 
7438, 
7501, 
7386, 
7380, 
7299, 
7221, 
7213, 
7117, 
7123, 
7248, 
7179, 
7064, 
7101, 
7120, 
7051, 
6964, 
7021, 
7106, 
6931, 
6975, 
7147, 
7178, 
7292, 
7276, 
7376, 
7423, 
7388, 
7218, 
7193, 
7221, 
7187, 
7150, 
7239, 
7352, 
7290, 
7305, 
7139, 
7194, 
7246, 
7293, 
7419, 
7418, 
7404, 
7487, 
7494, 
7387, 
7485, 
7420, 
7371, 
7401, 
7405, 
7411, 
7295, 
7263, 
7278, 
7210, 
7295, 
7203, 
7231, 
7302, 
7251, 
7104, 
7228, 
7222, 
7197, 
7214, 
7282, 
7236, 
7228, 
7426, 
7442, 
7357, 
7455, 
7525, 
7463, 
7510, 
7481, 
7505, 
7555, 
7552, 
7516, 
7464, 
7311, 
7272, 
7313, 
7280, 
7045, 
7102, 
7154, 
7239, 
7265, 
7272, 
7402, 
7335, 
7234, 
7273, 
7161, 
7219, 
7128, 
7043, 
6966, 
6992, 
6892, 
6941, 
6935, 
7036, 
7095, 
7145, 
7235, 
7179, 
7288, 
7162, 
7133, 
7229, 
7154, 
7159, 
7212, 
7180, 
7156, 
7226, 
7186, 
7211, 
7133, 
7111, 
7285, 
7222, 
7207, 
7156, 
7034, 
7033, 
6955, 
6911, 
6815, 
6755, 
6760, 
6737, 
6774, 
6772, 
6723, 
6812, 
6879, 
6980, 
6995, 
6967, 
6956, 
6915, 
6694, 
6829, 
6810, 
6834, 
6871, 
6797, 
6848, 
6783, 
6832, 
6964, 
7117, 
7102, 
7150, 
7191, 
7190, 
7175, 
7253, 
7091, 
7220, 
7367, 
7294, 
7247, 
7370, 
7387, 
7122, 
7034, 
7023, 
7015, 
6892, 
6973, 
6984, 
6997, 
6933, 
6863, 
6979, 
6928, 
6925, 
6888, 
6814, 
6917, 
6835, 
6769, 
6725, 
6671, 
6675, 
6825, 
6950, 
7018, 
7093, 
7041, 
6965, 
6979, 
7029, 
7069, 
6951, 
7020, 
7012, 
6951, 
6904, 
6786, 
6669, 
6715, 
6757, 
6807, 
6878, 
6890, 
6984, 
6951, 
6933, 
6739, 
6789, 
6839, 
6859, 
6842, 
6861, 
6942, 
6993, 
6959, 
7149, 
7144, 
7269, 
7390, 
7417, 
7298, 
7289, 
7355, 
7340, 
7308, 
7341, 
7357, 
7193, 
7144, 
7092, 
7138, 
7112, 
7189, 
7209, 
7164, 
7071, 
7142, 
7161, 
7104, 
7039, 
7047, 
6951, 
6946, 
7013, 
7014, 
6948, 
6890, 
6962, 
6945, 
6920, 
6892, 
6763, 
6809, 
6812, 
6936, 
6955, 
6916, 
6964, 
7039, 
7022, 
7023, 
7077, 
6945, 
7060, 
7108, 
7028, 
7040, 
7056, 
6995, 
6995, 
7118, 
7010, 
6994, 
6817, 
6845, 
6863, 
6923, 
6943, 
7060, 
6959, 
7047, 
7051, 
7079, 
7108, 
7129, 
7158, 
7139, 
7089, 
7073, 
7080, 
7131, 
7031, 
7096, 
7051, 
7081, 
7100, 
7093, 
7055, 
7214, 
7245, 
7281, 
7269, 
7138, 
7130, 
7130, 
7211, 
7174, 
7236, 
7180, 
7087, 
7007, 
7005, 
6925, 
6999, 
7088, 
7012, 
6953, 
7047, 
7055, 
6982, 
7036, 
6966, 
6937, 
6940, 
7073, 
7127, 
7155, 
7263, 
7274, 
7309, 
7276, 
7275, 
7250, 
7254, 
7375, 
7284, 
7312, 
7463, 
7366, 
7345, 
7261, 
7273, 
7244, 
7152, 
7102, 
7166, 
7213, 
7225, 
7220, 
7309, 
7319, 
7348, 
7409, 
7522, 
7422, 
7550, 
7514, 
7669, 
7587, 
7540, 
7619, 
7557, 
7744, 
7570, 
7530, 
7468, 
7375, 
7380, 
7322, 
7492, 
7428, 
7447, 
7286, 
7434, 
7459, 
7594, 
7522, 
7503, 
7573, 
7573, 
7610, 
7680, 
7700, 
7656, 
7673, 
7603, 
7556, 
7559, 
7618, 
7492, 
7596, 
7564, 
7659, 
7653, 
7621, 
7694, 
7605, 
7665, 
7678, 
7773, 
7777, 
7690, 
7535, 
7397, 
7315, 
7475, 
7338, 
7304, 
7321, 
7362, 
7192, 
7110, 
7176, 
7007, 
6930, 
7068, 
7097, 
7252, 
7255, 
7276, 
7255, 
7311, 
7325, 
7373, 
7362, 
7231, 
7260, 
7176, 
7110, 
7156, 
7236, 
7249, 
7180, 
7209, 
7257, 
7084, 
7120, 
7148, 
7083, 
7073, 
6985, 
6934, 
6896, 
6914, 
7067, 
6950, 
6945, 
6884, 
7008, 
6954, 
6964, 
7036, 
7012, 
7089, 
7136, 
7042, 
7016, 
6951, 
7153, 
7232, 
7315, 
7293, 
7399, 
7368, 
7400, 
7405, 
7525, 
7537, 
7556, 
7596, 
7714, 
7670, 
7561, 
7558, 
7603, 
7472, 
7485, 
7418, 
7410, 
7342, 
7341, 
7230, 
7109, 
7228, 
7126, 
7009, 
7016, 
7127, 
7021, 
7034, 
7158, 
7370, 
7473, 
7437, 
7412, 
7354, 
7325, 
7392, 
7337, 
7268, 
7278, 
7155, 
7183, 
7143, 
7225, 
7391, 
7242, 
7361, 
7416, 
7539, 
7615, 
7825, 
7734, 
7686, 
7777, 
7629, 
7605, 
7565, 
7522, 
7394, 
7249, 
7214, 
7102, 
7164, 
7174, 
7125, 
6958, 
6817, 
6754, 
6685, 
6750, 
6647, 
6715, 
6731, 
6482, 
6383, 
6339, 
6438, 
6477, 
6528, 
6541, 
6485, 
6439, 
6357, 
6261, 
6286, 
6327, 
6341, 
6463, 
6486, 
6515, 
6652, 
6796, 
6717, 
6786, 
6777, 
6596, 
6687, 
6668, 
6637, 
6652, 
6667, 
6621, 
6614, 
6622, 
6551, 
6520, 
6562, 
6668, 
6646, 
6629, 
6629, 
6562, 
6596, 
6629, 
6637, 
6655, 
6625, 
6653, 
6666, 
6676, 
6564, 
6524, 
6521, 
6547, 
6674, 
6704, 
6631, 
6577, 
6543, 
6389, 
6360, 
6332, 
6388, 
6379, 
6526, 
6562, 
6606, 
6702, 
6701, 
6747, 
6691, 
6747, 
6791, 
6882, 
6752, 
6830, 
6790, 
6780, 
6754, 
6894, 
6869, 
6900, 
6904, 
6889, 
6828, 
6862, 
6960, 
6897, 
7084, 
7083, 
7015, 
6935, 
6970, 
7037, 
6998, 
7135, 
7222, 
7377, 
7491, 
7610, 
7629, 
7626, 
7635, 
7553, 
7529, 
7563, 
7444, 
7397, 
7281, 
7253, 
7132, 
7272, 
7354, 
7392, 
7536, 
7466, 
7560, 
7572, 
7609, 
7651, 
7606, 
7536, 
7489, 
7214, 
7255, 
7260, 
7200, 
7218, 
7239, 
7315, 
7351, 
7445, 
7352, 
7442, 
7423, 
7447, 
7391, 
7379, 
7427, 
7480, 
7627, 
7674, 
7717, 
7683, 
7656, 
7467, 
7480, 
7492, 
7308, 
7401, 
7319, 
7545, 
7420, 
7279, 
7124, 
7044, 
7235, 
7174, 
7075, 
7072, 
7046, 
6887, 
6815, 
6722, 
6747, 
6713, 
6691, 
6819, 
6841, 
6828, 
6922, 
6968, 
7097, 
7088, 
7046, 
6960, 
6884, 
6736, 
6823, 
6711, 
6723, 
6629, 
6579, 
6704, 
6753, 
6857, 
6890, 
7012, 
6949, 
6901, 
7024, 
7081, 
7082, 
7166, 
7132, 
7071, 
7194, 
7158, 
7128, 
7179, 
7121, 
7228, 
7275, 
7273, 
7214, 
7269, 
7321, 
7348, 
7216, 
7181, 
7228, 
7264, 
7249, 
7287, 
7258, 
7175, 
7199, 
7188, 
7198, 
7169, 
7192, 
7281, 
7231, 
7176, 
7183, 
7177, 
7083, 
7086, 
7025, 
6950, 
6907, 
6896, 
6987, 
6952, 
7058, 
7130, 
7076, 
7146, 
7054, 
7078, 
7021, 
7035, 
7114, 
7203, 
7354, 
7179, 
7207, 
7170, 
7215, 
7220, 
7126, 
7020, 
7094, 
7156, 
7254, 
7330, 
7411, 
7511, 
7414, 
7439, 
7343, 
7319, 
7208, 
7230, 
7090, 
7022, 
6945, 
6973, 
6909, 
6803, 
6786, 
6721, 
6683, 
6675, 
6587, 
6526, 
6354, 
6431, 
6355, 
6311, 
6374, 
6383, 
6424, 
6405, 
6413, 
6549, 
6617, 
6659, 
6706, 
6679, 
6611, 
6573, 
6553, 
6472, 
6613, 
6665, 
6585, 
6620, 
6805, 
6838, 
6697, 
6656, 
6587, 
6590, 
6683, 
6648, 
6593, 
6646, 
6806, 
6744, 
6927, 
6885, 
7048, 
7180, 
7113, 
7025, 
7000, 
7045, 
7030, 
7052, 
6940, 
6962, 
6878, 
6921, 
7126, 
7206, 
7180, 
7100, 
7144, 
7174, 
7315, 
7318, 
7351, 
7242, 
7168, 
7082, 
7119, 
7114, 
7122, 
7157, 
7132, 
7090, 
7027, 
7037, 
7062, 
7071, 
7037, 
7049, 
7058, 
7032, 
6882, 
6826, 
6912, 
6766, 
6854, 
6805, 
6715, 
6767, 
6843, 
6670, 
6712, 
6758, 
6722, 
6638, 
6601, 
6577, 
6624, 
6723, 
6674, 
6639, 
6757, 
6749, 
6717, 
6724, 
6731, 
6662, 
6654, 
6552, 
6660, 
6693, 
6753, 
6887, 
6925, 
6930, 
6955, 
7001, 
7027, 
7143, 
7161, 
7135, 
7103, 
7184, 
7193, 
7279, 
7240, 
7153, 
7086, 
7094, 
7059, 
7100, 
7070, 
7064, 
7112, 
7086, 
6906, 
6983, 
7115, 
7169, 
7182, 
7126, 
7059, 
7047, 
6985, 
7041, 
6868, 
6860, 
6645, 
6623, 
6762, 
6854, 
6931, 
6926, 
6987, 
7160, 
7159, 
7210, 
7172, 
7093, 
7104, 
7111, 
7045, 
7007, 
7058, 
7084, 
7018, 
6982, 
6935, 
6807, 
6704, 
6818, 
6878, 
6830, 
6749, 
6748, 
6931, 
6720, 
6748, 
6752, 
6702, 
6727, 
6778, 
6816, 
6717, 
6762, 
6619, 
6668, 
6653, 
6669, 
6713, 
6787, 
6817, 
6790, 
6816, 
6793, 
6772, 
6885, 
6880, 
6893, 
6982, 
6995, 
7026, 
6948, 
6979, 
7072, 
7174, 
7010, 
6980, 
6991, 
7086, 
6961, 
7032, 
6956, 
7073, 
7083, 
7010, 
6932, 
6938, 
6928, 
6959, 
6974, 
6985, 
6991, 
6892, 
6982, 
7044, 
7096, 
7079, 
7079, 
7207, 
7254, 
7173, 
7194, 
7185, 
7138, 
7216, 
7210, 
7331, 
7291, 
7223, 
7285, 
7419, 
7582, 
7538, 
7456, 
7536, 
7496, 
7546, 
7607, 
7708, 
7662, 
7540, 
7593, 
7490, 
7395, 
7488, 
7273, 
7258, 
7265, 
7239, 
7216, 
7268, 
7297, 
7260, 
7215, 
7115, 
7077, 
7065, 
7025, 
7099, 
7035, 
7038, 
6966, 
6947, 
7121, 
7253, 
7143, 
7157, 
7199, 
7152, 
7063, 
6990, 
6974, 
7033, 
6976, 
7072, 
7177, 
7195, 
7227, 
7208, 
7309, 
7431, 
7336, 
7306, 
7334, 
7482, 
7460, 
7374, 
7524, 
7552, 
7556, 
7638, 
7674, 
7535, 
7445, 
7454, 
7214, 
7228, 
7277, 
7281, 
7348, 
7488, 
7324, 
7439, 
7464, 
7310, 
7367, 
7162, 
7200, 
7198, 
7302, 
7176, 
7187, 
7333, 
7391, 
7484, 
7380, 
7315, 
7130, 
7213, 
7131, 
7102, 
7128, 
7157, 
7264, 
7136, 
7235, 
7198, 
7299, 
7342, 
7421, 
7362, 
7469, 
7512, 
7561, 
7599, 
7514, 
7357, 
7308, 
7181, 
7121, 
6989, 
6995, 
6921, 
6949, 
6906, 
6888, 
6990, 
6832, 
6979, 
6964, 
7017, 
7059, 
7065, 
7008, 
6971, 
6905, 
6944, 
6929, 
6945, 
6899, 
6820, 
6809, 
6817, 
6717, 
6866, 
6872, 
6961, 
6986, 
7040, 
7037, 
7026, 
7014, 
7006, 
6990, 
6922, 
6954, 
6792, 
6753, 
6659, 
6717, 
6843, 
6986, 
6840, 
6886, 
6918, 
7044, 
7031, 
7139, 
7253, 
7271, 
7384, 
7319, 
7280, 
7354, 
7368, 
7292, 
7342, 
7345, 
7233, 
7331, 
7413, 
7358, 
7286, 
7215, 
7203, 
7310, 
7238, 
7377, 
7348, 
7377, 
7399, 
7244, 
7208, 
7177, 
7195, 
7176, 
7087, 
7123, 
7231, 
7200, 
7176, 
7113, 
7268, 
7382, 
7520, 
7518, 
7502, 
7450, 
7448, 
7367, 
7236, 
7189, 
7210, 
7183, 
7217, 
7171, 
7257, 
7251, 
7328, 
7156, 
7223, 
7406, 
7395, 
7436, 
7464, 
7421, 
7387, 
7416, 
7351, 
7296, 
7352, 
7319, 
7354, 
7367, 
7370, 
7520, 
7613, 
7652, 
7637, 
7660, 
7632, 
7645, 
7745, 
7686, 
7687, 
7743, 
7634, 
7711, 
7598, 
7626, 
7497, 
7479, 
7435, 
7416, 
7372, 
7337, 
7445, 
7317, 
7247, 
7260, 
7164, 
7131, 
7196, 
7221, 
7276, 
7326, 
7414, 
7356, 
7396, 
7459, 
7348, 
7286, 
7126, 
7117, 
7078, 
7070, 
6940, 
6964, 
6985, 
7139, 
7184, 
7274, 
7274, 
7321, 
7341, 
7280, 
7264, 
7271, 
7211, 
7097, 
7175, 
7125, 
7078, 
7062, 
7104, 
7100, 
7006, 
7042, 
6941, 
6897, 
6799, 
6885, 
6844, 
6875, 
6895, 
6862, 
6845, 
7033, 
6894, 
7109, 
6967, 
6959, 
7043, 
6933, 
7081, 
7038, 
7002, 
7089, 
6955, 
6885, 
6882, 
6726, 
6819, 
6792, 
6811, 
6791, 
6849, 
6842, 
6880, 
6906, 
6797, 
6851, 
6715, 
6672, 
6604, 
6654, 
6859, 
6892, 
6868, 
6718, 
6618, 
6739, 
6701, 
6775, 
6762, 
6719, 
6663, 
6758, 
6748, 
6925, 
6933, 
6934, 
6985, 
6965, 
7009, 
7008, 
6998, 
7097, 
7102, 
7128, 
7241, 
7300, 
7456, 
7413, 
7441, 
7520, 
7508, 
7548, 
7544, 
7438, 
7413, 
7427, 
7422, 
7410, 
7316, 
7286, 
7283, 
7140, 
7312, 
7346, 
7274, 
7211, 
7194, 
7084, 
6897, 
6894, 
6920, 
6891, 
6885, 
6762, 
6860, 
6911, 
6883, 
6971, 
6946, 
6960, 
7015, 
6998, 
7122, 
7028, 
7042, 
7116, 
7067, 
6981, 
6963, 
6886, 
6947, 
6970, 
6851, 
6786, 
6906, 
6867, 
6889, 
6893, 
6797, 
6825, 
6820, 
6828, 
6833, 
6788, 
6796, 
6801, 
6783, 
6687, 
6610, 
6514, 
6458, 
6393, 
6480, 
6315, 
6340, 
6219, 
6227, 
6248, 
6252, 
6426, 
6496, 
6481, 
6519, 
6487, 
6584, 
6654, 
6586, 
6523, 
6578, 
6658, 
6553, 
6419, 
6550, 
6517, 
6443, 
6468, 
6516, 
6747, 
6732, 
6827, 
6743, 
6740, 
6903, 
6988, 
6928, 
7044, 
7049, 
6988, 
6849, 
6874, 
6777, 
6729, 
6765, 
6808, 
6705, 
6800, 
6861, 
6928, 
6872, 
6773, 
6683, 
6747, 
6801, 
6712, 
6902, 
6815, 
6790, 
6676, 
6734, 
6803, 
6829, 
6891, 
6820, 
6757, 
6865, 
6876, 
6908, 
6974, 
6893, 
6741, 
6767, 
6629, 
6511, 
6553, 
6527, 
6599, 
6587, 
6634, 
6590, 
6487, 
6408, 
6476, 
6506, 
6543, 
6382, 
6360, 
6303, 
6276, 
6389, 
6293, 
6420, 
6460, 
6407, 
6411, 
6330, 
6386, 
6360, 
6271, 
6311, 
6244, 
6214, 
6201, 
6281, 
6269, 
6299, 
6235, 
6282, 
6328, 
6375, 
6468, 
6640, 
6635, 
6618, 
6639, 
6614, 
6697, 
6878, 
6942, 
6823, 
6822, 
6883, 
6863, 
6851, 
6796, 
6813, 
6932, 
7003, 
6867, 
6731, 
6809, 
6794, 
6898, 
6933, 
6931, 
6913, 
7011, 
7069, 
7030, 
6917, 
6885, 
6938, 
6958, 
6905, 
6918, 
7056, 
7228, 
7320, 
7404, 
7349, 
7432, 
7482, 
7459, 
7515, 
7621, 
7511, 
7468, 
7425, 
7613, 
7599, 
7640, 
7593, 
7598, 
7573, 
7540, 
7510, 
7543, 
7353, 
7348, 
7315, 
7345, 
7377, 
7233, 
7428, 
7430, 
7380, 
7405, 
7244, 
7329, 
7459, 
7628, 
7499, 
7468, 
7448, 
7428, 
7418, 
7271, 
7251, 
7200, 
7226, 
7290, 
7342, 
7323, 
7203, 
7293, 
7150, 
7158, 
7323, 
7267, 
7233, 
7252, 
7285, 
7097, 
7048, 
6932, 
6955, 
6987, 
6970, 
6897, 
6887, 
7038, 
6994, 
7169, 
7215, 
7215, 
7332, 
7304, 
7251, 
7364, 
7435, 
7492, 
7387, 
7370, 
7451, 
7422, 
7320, 
7281, 
7375, 
7434, 
7403, 
7414, 
7409, 
7482, 
7534, 
7412, 
7381, 
7326, 
7414, 
7313, 
7321, 
7170, 
7208, 
7255, 
7263, 
7095, 
7187, 
7224, 
7294, 
7203, 
7246, 
7200, 
7121, 
7174, 
7201, 
7096, 
6956, 
6872, 
6854, 
6891, 
6858, 
6861, 
6945, 
7038, 
7014, 
6985, 
6995, 
6929, 
6827, 
6818, 
6931, 
6954, 
6981, 
6873, 
6886, 
6876, 
6956, 
6965, 
6973, 
7014, 
6983, 
6963, 
7092, 
7158, 
7115, 
7229, 
7207, 
7267, 
7195, 
7075, 
7090, 
7097, 
7188, 
7168, 
7102, 
6984, 
6999, 
6991, 
6940, 
6953, 
7076, 
7138, 
7180, 
7152, 
7103, 
7166, 
7179, 
7076, 
7124, 
6968, 
6931, 
6948, 
7012, 
7055, 
7040, 
7079, 
7133, 
7085, 
7066, 
6999, 
7015, 
7034, 
6984, 
6975, 
7008, 
6875, 
6787, 
6831, 
6758, 
6652, 
6763, 
6911, 
6989, 
6996, 
6936, 
6942, 
6967, 
6929, 
6991, 
6971, 
6891, 
6944, 
6963, 
6850, 
6742, 
6785, 
6677, 
6596, 
6659, 
6654, 
6639, 
6600, 
6620, 
6618, 
6779, 
6785, 
6742, 
6697, 
6873, 
6898, 
6995, 
6941, 
6917, 
6940, 
6944, 
7047, 
7052, 
7111, 
7037, 
7100, 
7106, 
7145, 
7248, 
7272, 
7202, 
7196, 
7126, 
7026, 
7017, 
6960, 
7063, 
7049, 
6997, 
6968, 
6969, 
6936, 
6873, 
6852, 
6905, 
6869, 
6890, 
6847, 
6959, 
6980, 
7072, 
6993, 
6865, 
6884, 
6872, 
6910, 
7012, 
7130, 
7121, 
6930, 
7002, 
6940, 
6997, 
6831, 
6848, 
6868, 
6809, 
6804, 
6569, 
6598, 
6534, 
6523, 
6486, 
6453, 
6459, 
6493, 
6569, 
6562, 
6529, 
6488, 
6569, 
6419, 
6406, 
6435, 
6487, 
6460, 
6472, 
6528, 
6511, 
6522, 
6474, 
6494, 
6584, 
6673, 
6729, 
6822, 
6884, 
6845, 
6883, 
6939, 
6913, 
6894, 
6963, 
6886, 
7010, 
7181, 
7205, 
7285, 
7396, 
7399, 
7377, 
7290, 
7467, 
7451, 
7428, 
7375, 
7392, 
7508, 
7437, 
7321, 
7227, 
7202, 
7219, 
7238, 
7279, 
7204, 
7230, 
7326, 
7312, 
7299, 
7231, 
7144, 
7115, 
6992, 
6985, 
6918, 
6944, 
6987, 
7037, 
6949, 
6918, 
6801, 
6798, 
6785, 
6805, 
6835, 
6840, 
6872, 
6903, 
6818, 
6869, 
6805, 
6835, 
7006, 
6918, 
6913, 
6904, 
6883, 
6977, 
7041, 
6975, 
6871, 
6888, 
6823, 
6870, 
6879, 
6877, 
6933, 
7024, 
7082, 
7167, 
7021, 
7115, 
7293, 
7393, 
7141, 
7168, 
7154, 
7122, 
6996, 
6907, 
6996, 
7105, 
7065, 
7065, 
7079, 
7140, 
7142, 
7198, 
7380, 
7206, 
7184, 
7141, 
7247, 
7306, 
7178, 
7312, 
7361, 
7276, 
7313, 
7401, 
7455, 
7382, 
7383, 
7443, 
7471, 
7310, 
7256, 
7141, 
7193, 
7086, 
7181, 
7296, 
7357, 
7319, 
7217, 
7128, 
7168, 
7197, 
7223, 
7278, 
7213, 
7215, 
7251, 
7010, 
7001, 
7007, 
6769, 
6700, 
6729, 
6696, 
6681, 
6810, 
6816, 
6678, 
6581, 
6677, 
6690, 
6650, 
6761, 
6573, 
6564, 
6655, 
6564, 
6455, 
6359, 
6320, 
6427, 
6555, 
6631, 
6700, 
6842, 
6900, 
7117, 
7170, 
7222, 
7254, 
7345, 
7232, 
7083, 
7007, 
7006, 
7067, 
7013, 
7141, 
7096, 
7003, 
6965, 
6861, 
7066, 
6916, 
6866, 
6879, 
6763, 
6865, 
6935, 
6878, 
6862, 
6920, 
6959, 
7036, 
6934, 
6990, 
6985, 
7058, 
7065, 
7027, 
6949, 
7031, 
7074, 
7075, 
7051, 
7206, 
7250, 
7358, 
7453, 
7535, 
7600, 
7455, 
7498, 
7545, 
7638, 
7539, 
7603, 
7575, 
7500, 
7572, 
7587, 
7549, 
7680, 
7484, 
7649, 
7588, 
7478, 
7478, 
7565, 
7474, 
7465, 
7323, 
7403, 
7263, 
7301, 
7324, 
7342, 
7301, 
7355, 
7429, 
7488, 
7559, 
7463, 
7547, 
7432, 
7363, 
7421, 
7429, 
7369, 
7532, 
7430, 
7435, 
7356, 
7225, 
7303, 
7345, 
7158, 
7170, 
7356, 
7254, 
7360, 
7382, 
7350, 
7277, 
7291, 
7224, 
7181, 
7198, 
7237, 
7157, 
7238, 
7303, 
7131, 
7178, 
7010, 
7023, 
7120, 
7091, 
7045, 
7078, 
6925, 
6974, 
7088, 
7011, 
7034, 
7178, 
7244, 
7306, 
7222, 
7324, 
7247, 
7277, 
7360, 
7491, 
7492, 
7442, 
7272, 
7218, 
7145, 
7239, 
7160, 
7074, 
7031, 
7015, 
7011, 
6966, 
7105, 
7143, 
7240, 
7260, 
7198, 
7282, 
7235, 
7275, 
7287, 
7421, 
7451, 
7355, 
7449, 
7479, 
7484, 
7566, 
7598, 
7619, 
7600, 
7708, 
7655, 
7620, 
7588, 
7531, 
7512, 
7516, 
7443, 
7477, 
7528, 
7506, 
7463, 
7333, 
7237, 
7259, 
7280, 
7220, 
7280, 
7361, 
7351, 
7305, 
7284, 
7068, 
7033, 
7023, 
7067, 
7121, 
7059, 
6989, 
7096, 
7097, 
6971, 
7074, 
6952, 
6835, 
6954, 
7044, 
6920, 
6863, 
6893, 
6795, 
6773, 
6882, 
6881, 
6781, 
6675, 
6643, 
6517, 
6533, 
6588, 
6613, 
6607, 
6675, 
6829, 
6758, 
6746, 
6653, 
6582, 
6523, 
6490, 
6569, 
6606, 
6413, 
6400, 
6198, 
6214, 
6173, 
6205, 
6228, 
6218, 
6422, 
6412, 
6547, 
6644, 
6757, 
6733, 
6760, 
6733, 
6760, 
6683, 
6799, 
6782, 
6886, 
6877, 
6987, 
6976, 
7039, 
6980, 
7105, 
7153, 
7057, 
7152, 
7090, 
7077, 
7034, 
7034, 
7071, 
7122, 
7102, 
7115, 
7218, 
7136, 
7068, 
7099, 
7045, 
6907, 
6897, 
6900, 
6814, 
6695, 
6655, 
6730, 
6745, 
6672, 
6811, 
6741, 
6786, 
6837, 
6850, 
6796, 
6863, 
6849, 
6849, 
7032, 
7157, 
7148, 
7141, 
7400, 
7319, 
7076, 
7253, 
7349, 
7419, 
7310, 
7341, 
7312, 
7256, 
7433, 
7433, 
7531, 
7562, 
7669, 
7605, 
7617, 
7688, 
7618, 
7582, 
7531, 
7554, 
7623, 
7728, 
7706, 
7633, 
7545, 
7584, 
7629, 
7519, 
7425, 
7299, 
7303, 
7289, 
7245, 
7194, 
7338, 
7333, 
7293, 
7393, 
7475, 
7307, 
7311, 
7299, 
7318, 
7334, 
7387, 
7361, 
7238, 
7303, 
7353, 
7240, 
7098, 
7041, 
7047, 
7131, 
7034, 
6917, 
7005, 
7022, 
6884, 
6934, 
6977, 
7032, 
7041, 
7068, 
6822, 
6746, 
6687, 
6572, 
6636, 
6788, 
6817, 
7000, 
7100, 
7105, 
7242, 
7258, 
7265, 
7132, 
7075, 
6903, 
6891, 
6885, 
6983, 
6890, 
7005, 
7052, 
7053, 
7075, 
7161, 
7084, 
7050, 
6786, 
6719, 
6545, 
6684, 
6692, 
6755, 
6743, 
6753, 
6682, 
6727, 
6693, 
6745, 
6822, 
6816, 
6671, 
6678, 
6679, 
6698, 
6777, 
6724, 
6729, 
6671, 
6686, 
6638, 
6595, 
6500, 
6437, 
6630, 
6733, 
6770, 
6700, 
6617, 
6605, 
6695, 
6806, 
6733, 
6784, 
6808, 
6906, 
6905, 
6951, 
6999, 
6864, 
6748, 
6647, 
6663, 
6568, 
6622, 
6739, 
6637, 
6677, 
6750, 
6590, 
6571, 
6578, 
6560, 
6553, 
6656, 
6770, 
6686, 
6744, 
6734, 
6789, 
6697, 
6678, 
6588, 
6618, 
6652, 
6679, 
6647, 
6808, 
6760, 
6854, 
7012, 
6986, 
7030, 
6988, 
7040, 
6981, 
6988, 
6927, 
7047, 
6972, 
7162, 
7233, 
7389, 
7390, 
7260, 
7256, 
7241, 
7216, 
7190, 
7319, 
7256, 
7143, 
7072, 
7075, 
7115, 
7160, 
7077, 
6976, 
6922, 
6866, 
6865, 
6751, 
6719, 
6764, 
6839, 
6940, 
6948, 
6918, 
6979, 
7070, 
7125, 
7025, 
6941, 
6927, 
7132, 
7110, 
7155, 
7040, 
7196, 
7189, 
7181, 
7178, 
7273, 
7314, 
7281, 
7314, 
7415, 
7419, 
7466, 
7470, 
7394, 
7273, 
7253, 
7240, 
7237, 
7292, 
7308, 
7384, 
7184, 
7157, 
7032, 
7035, 
7089, 
7146, 
7186, 
7212, 
7277, 
7236, 
7148, 
7022, 
7038, 
7012, 
6905, 
6886, 
6905, 
6860, 
6791, 
6778, 
6755, 
6818, 
6859, 
7018, 
6997, 
7028, 
6971, 
6967, 
7008, 
7028, 
7035, 
7100, 
7116, 
7088, 
6948, 
6869, 
6877, 
6788, 
6775, 
6693, 
6698, 
6835, 
6819, 
6812, 
6669, 
6677, 
6695, 
6661, 
6680, 
6666, 
6708, 
6791, 
6772, 
6619, 
6720, 
6732, 
6688, 
6771, 
6732, 
6829, 
6897, 
6967, 
6987, 
6977, 
7037, 
7039, 
6955, 
6956, 
6850, 
6855, 
6948, 
6834, 
6808, 
6841, 
6779, 
6772, 
6846, 
6895, 
7015, 
7105, 
7125, 
7191, 
7355, 
7514, 
7405, 
7424, 
7456, 
7409, 
7498, 
7399, 
7427, 
7402, 
7420, 
7355, 
7249, 
7339, 
7405, 
7310, 
7237, 
7117, 
7210, 
7209, 
7277, 
7198, 
7211, 
7075, 
7023, 
7124, 
6981, 
6985, 
6935, 
6992, 
6974, 
6985, 
7027, 
7058, 
6930, 
6832, 
6857, 
6927, 
6925, 
6921, 
6928, 
6858, 
6741, 
6612, 
6664, 
6742, 
6678, 
6669, 
6634, 
6586, 
6643, 
6673, 
6659, 
6582, 
6490, 
6522, 
6583, 
6614, 
6611, 
6637, 
6683, 
6863, 
6880, 
6824, 
6769, 
6658, 
6722, 
6792, 
6839, 
6978, 
6964, 
6933, 
6837, 
6724, 
6766, 
6769, 
6857, 
6833, 
6788, 
6744, 
6722, 
6714, 
6769, 
6797, 
6771, 
6836, 
6680, 
6550, 
6520, 
6599, 
6622, 
6644, 
6617, 
6705, 
6770, 
6672, 
6680, 
6679, 
6564, 
6723, 
6831, 
6869, 
6959, 
6971, 
7018, 
7088, 
7038, 
6845, 
7021, 
6985, 
6840, 
6867, 
6749, 
6809, 
6841, 
6917, 
6963, 
6917, 
7084, 
7036, 
6999, 
7047, 
6976, 
6787, 
6737, 
6682, 
6738, 
6718, 
6729, 
6847, 
6846, 
6816, 
6867, 
6851, 
6867, 
6856, 
6779, 
6918, 
7030, 
7163, 
7225, 
7292, 
7363, 
7501, 
7560, 
7561, 
7510, 
7511, 
7663, 
7796, 
7759, 
7829, 
7747, 
7668, 
7635, 
7508, 
7468, 
7423, 
7400, 
7417, 
7429, 
7280, 
7189, 
7172, 
7176, 
7219, 
7246, 
7266, 
7196, 
7153, 
7208, 
7188, 
7183, 
7344, 
7404, 
7336, 
7456, 
7378, 
7325, 
7361, 
7230, 
7085, 
7080, 
7052, 
6926, 
6940, 
7054, 
7044, 
7021, 
6987, 
6976, 
7035, 
6985, 
6900, 
6954, 
6988, 
6930, 
6987, 
6995, 
7091, 
7036, 
6819, 
6879, 
6907, 
7041, 
7010, 
6952, 
6998, 
6967, 
6909, 
6831, 
6762, 
6861, 
7032, 
7148, 
7041, 
7067, 
7011, 
7087, 
7018, 
6904, 
6895, 
6881, 
6860, 
6950, 
6938, 
6836, 
6790, 
6799, 
6700, 
6688, 
6778, 
6752, 
6704, 
6712, 
6644, 
6624, 
6607, 
6674, 
6701, 
6704, 
6649, 
6808, 
6725, 
6786, 
6698, 
6588, 
6578, 
6717, 
6699, 
6588, 
6669, 
6691, 
6797, 
6694, 
6695, 
6594, 
6656, 
6667, 
6920, 
6995, 
7029, 
7017, 
6929, 
7052, 
6924, 
7005, 
6965, 
6868, 
6846, 
6813, 
6818, 
6679, 
6773, 
6686, 
6749, 
6662, 
6716, 
6588, 
6576, 
6630, 
6675, 
6687, 
6705, 
6837, 
6829, 
6719, 
6681, 
6642, 
6750, 
6634, 
6522, 
6663, 
6725, 
6698, 
6683, 
6595, 
6600, 
6674, 
6691, 
6647, 
6680, 
6624, 
6613, 
6486, 
6584, 
6570, 
6555, 
6660, 
6711, 
6731, 
6714, 
6704, 
6688, 
6579, 
6652, 
6662, 
6673, 
6672, 
6768, 
6808, 
6856, 
6933, 
6966, 
6895, 
6915, 
6872, 
6963, 
6831, 
6822, 
6934, 
6998, 
7012, 
7068, 
7005, 
6902, 
6829, 
6729, 
6761, 
6648, 
6733, 
6710, 
6634, 
6659, 
6640, 
6628, 
6746, 
6763, 
6664, 
6795, 
6846, 
6908, 
6828, 
6895, 
6914, 
6902, 
6961, 
6826, 
6782, 
6856, 
6849, 
6790, 
6767, 
6816, 
6911, 
6788, 
6783, 
6738, 
6683, 
6725, 
6753, 
6804, 
6779, 
6879, 
6894, 
6896, 
6833, 
6953, 
6935, 
6926, 
6870, 
6938, 
6896, 
6901, 
6961, 
7096, 
7171, 
7178, 
7232, 
7379, 
7450, 
7391, 
7441, 
7334, 
7471, 
7505, 
7514, 
7461, 
7350, 
7369, 
7302, 
7161, 
7139, 
6943, 
6963, 
6935, 
7075, 
7078, 
7003, 
7001, 
6847, 
6774, 
6790, 
6778, 
6731, 
6830, 
6841, 
6858, 
6823, 
6795, 
6786, 
6914, 
6884, 
6946, 
7043, 
6930, 
6861, 
6846, 
6931, 
6833, 
6832, 
6851, 
6981, 
6866, 
6759, 
6771, 
6779, 
6889, 
7067, 
7135, 
7043, 
7210, 
7162, 
7210, 
7175, 
7181, 
7182, 
7315, 
7329, 
7431, 
7456, 
7429, 
7382, 
7280, 
7153, 
7188, 
7397, 
7371, 
7304, 
7303, 
7189, 
7298, 
7222, 
7212, 
7283, 
7148, 
7046, 
6978, 
6954, 
7065, 
7170, 
7188, 
7195, 
7220, 
7299, 
7314, 
7392, 
7298, 
7244, 
7264, 
7331, 
7285, 
7375, 
7423, 
7331, 
7298, 
7496, 
7438, 
7317, 
7348, 
7307, 
7473, 
7470, 
7475, 
7428, 
7442, 
7413, 
7442, 
7479, 
7554, 
7678, 
7743, 
7608, 
7639, 
7578, 
7650, 
7710, 
7663, 
7559, 
7650, 
7624, 
7558, 
7486, 
7390, 
7389, 
7351, 
7462, 
7474, 
7450, 
7375, 
7319, 
7362, 
7499, 
7645, 
7578, 
7613, 
7552, 
7611, 
7575, 
7606, 
7544, 
7465, 
7468, 
7504, 
7504, 
7426, 
7265, 
7198, 
7135, 
7112, 
7026, 
7068, 
7067, 
7083, 
7219, 
7193, 
7319, 
7241, 
7236, 
7272, 
7314, 
7351, 
7217, 
7136, 
7158, 
7201, 
7245, 
7323, 
7314, 
7325, 
7256, 
7330, 
7396, 
7257, 
7295, 
7269, 
7329, 
7383, 
7389, 
7303, 
7373, 
7403, 
7242, 
7269, 
7108, 
7145, 
7174, 
7124, 
7177, 
7064, 
7130, 
7073, 
6959, 
6908, 
6781, 
6757, 
6706, 
6566, 
6598, 
6642, 
6773, 
6915, 
6956, 
6945, 
7029, 
7059, 
7110, 
7181, 
7181, 
7074, 
7069, 
7027, 
7165, 
7008, 
6982, 
6906, 
7000, 
6970, 
6947, 
7025, 
6979, 
6900, 
6947, 
6986, 
6980, 
7050, 
7054, 
7139, 
7191, 
7157, 
7224, 
7237, 
7219, 
7189, 
7089, 
7007, 
7185, 
7113, 
6936, 
7073, 
6999, 
7003, 
6993, 
7001, 
7080, 
7169, 
7157, 
7086, 
7134, 
7101, 
7152, 
7034, 
6969, 
6936, 
6957, 
6912, 
6961, 
7013, 
6997, 
6987, 
6917, 
6983, 
7095, 
7211, 
7153, 
7117, 
7190, 
7195, 
7220, 
7177, 
7256, 
7290, 
7245, 
7403, 
7403, 
7459, 
7471, 
7482, 
7483, 
7436, 
7522, 
7451, 
7368, 
7336, 
7333, 
7346, 
7263, 
7149, 
7193, 
7271, 
7157, 
7141, 
7084, 
7068, 
7232, 
7276, 
7251, 
7253, 
7250, 
7226, 
7274, 
7343, 
7379, 
7412, 
7291, 
7486, 
7499, 
7362, 
7435, 
7342, 
7367, 
7432, 
7463, 
7508, 
7489, 
7439, 
7336, 
7381, 
7345, 
7281, 
7343, 
7244, 
7224, 
7243, 
7200, 
7199, 
7187, 
7264, 
7257, 
7259, 
7351, 
7512, 
7448, 
7420, 
7298, 
7359, 
7433, 
7412, 
7465, 
7565, 
7666, 
7587, 
7543, 
7514, 
7634, 
7594, 
7553, 
7560, 
7390, 
7437, 
7575, 
7528, 
7530, 
7328, 
7380, 
7391, 
7198, 
7030, 
7151, 
7191, 
7085, 
7062, 
6919, 
6949, 
6967, 
7035, 
7042, 
6802, 
6971, 
6915, 
6787, 
6822, 
6840, 
6901, 
6988, 
6917, 
6987, 
6932, 
7112, 
6975, 
6953, 
7080, 
7109, 
7111, 
7021, 
6921, 
6902, 
6880, 
6881, 
6951, 
6852, 
6935, 
6822, 
6768, 
6873, 
6864, 
6893, 
6887, 
7056, 
7047, 
7099, 
7038, 
7025, 
6960, 
6986, 
6940, 
6985, 
6967, 
7146, 
7074, 
7067, 
7220, 
7239, 
7118, 
7302, 
7427, 
7402, 
7388, 
7319, 
7449, 
7481, 
7360, 
7335, 
7260, 
7311, 
7257, 
7158, 
7103, 
7041, 
7078, 
7190, 
7153, 
7067, 
7009, 
7047, 
7058, 
7030, 
6990, 
6852, 
7052, 
7012, 
7034, 
7119, 
7030, 
7032, 
7065, 
7018, 
6934, 
6862, 
6928, 
6896, 
7074, 
7111, 
7255, 
7197, 
7088, 
7181, 
7176, 
7090, 
7117, 
6889, 
6937, 
6952, 
6939, 
6821, 
6873, 
6971, 
7044, 
7012, 
6895, 
6923, 
6842, 
6820, 
6716, 
6749, 
6637, 
6723, 
6865, 
6866, 
6931, 
6927, 
6891, 
6956, 
6966, 
7128, 
7213, 
7168, 
7069, 
7019, 
6974, 
6945, 
6885, 
6843, 
6619, 
6739, 
6713, 
6622, 
6732, 
6784, 
6807, 
6776, 
6714, 
6741, 
6642, 
6610, 
6558, 
6526, 
6539, 
6608, 
6665, 
6603, 
6493, 
6422, 
6372, 
6335, 
6094, 
6081, 
6196, 
6091, 
6119, 
6228, 
6236, 
6342, 
6282, 
6376, 
6408, 
6432, 
6390, 
6366, 
6452, 
6513, 
6486, 
6494, 
6447, 
6602, 
6517, 
6455, 
6413, 
6292, 
6383, 
6338, 
6395, 
6474, 
6390, 
6522, 
6677, 
6627, 
6675, 
6514, 
6409, 
6393, 
6452, 
6428, 
6360, 
6319, 
6309, 
6320, 
6351, 
6352, 
6427, 
6423, 
6569, 
6594, 
6610, 
6618, 
6606, 
6640, 
6600, 
6579, 
6567, 
6481, 
6482, 
6615, 
6642, 
6648, 
6681, 
6687, 
6630, 
6648, 
6769, 
6868, 
6742, 
6694, 
6808, 
6768, 
6756, 
6835, 
6855, 
6883, 
6868, 
6960, 
7037, 
7125, 
7063, 
7109, 
7039, 
7143, 
7289, 
7305, 
7222, 
7235, 
7208, 
7119, 
6999, 
6894, 
6858, 
6790, 
6802, 
6870, 
6807, 
6942, 
6888, 
6907, 
6906, 
6876, 
6937, 
6906, 
7008, 
7017, 
6878, 
6925, 
6946, 
6954, 
6997, 
7118, 
7168, 
7036, 
6988, 
6938, 
6790, 
6743, 
6684, 
6634, 
6739, 
6732, 
6721, 
6733, 
6657, 
6787, 
6763, 
6728, 
6786, 
6836, 
6874, 
6841, 
6834, 
6739, 
6771, 
6746, 
6639, 
6744, 
6758, 
6809, 
6758, 
6848, 
6902, 
6936, 
6842, 
6795, 
6849, 
6698, 
6762, 
6790, 
6724, 
6883, 
6930, 
6933, 
6866, 
6960, 
6978, 
7010, 
6965, 
6985, 
7127, 
7203, 
7328, 
7374, 
7204, 
7181, 
7057, 
6945, 
6812, 
6712, 
6761, 
6694, 
6709, 
6698, 
6604, 
6692, 
6889, 
7013, 
7076, 
7269, 
7227, 
7101, 
7086, 
7122, 
7113, 
7223, 
7219, 
7261, 
7200, 
7339, 
7347, 
7468, 
7629, 
7652, 
7669, 
7636, 
7565, 
7676, 
7684, 
7686, 
7653, 
7588, 
7576, 
7457, 
7383, 
7265, 
7109, 
7145, 
7213, 
7140, 
7176, 
7026, 
6980, 
7136, 
7118, 
7101, 
7314, 
7305, 
7298, 
7201, 
7279, 
7288, 
7287, 
7197, 
7121, 
7196, 
7158, 
7132, 
7159, 
7127, 
7207, 
7308, 
7170, 
7124, 
7072, 
7029, 
7055, 
6839, 
6926, 
6968, 
6969, 
6915, 
6903, 
6837, 
6874, 
6792, 
6706, 
6836, 
6856, 
6920, 
6887, 
6818, 
6666, 
6534, 
6460, 
6550, 
6767, 
6938, 
6959, 
6910, 
6922, 
7064, 
7051, 
7120, 
7146, 
7178, 
7278, 
7290, 
7248, 
7223, 
7216, 
7202, 
7099, 
7109, 
7065, 
7148, 
7168, 
7251, 
7001, 
7040, 
6970, 
7040, 
7054, 
7058, 
7181, 
7177, 
7221, 
7250, 
7293, 
7259, 
7237, 
7164, 
7105, 
7168, 
7145, 
7067, 
6954, 
6999, 
7018, 
7161, 
7088, 
7165, 
7076, 
7165, 
7162, 
7015, 
7032, 
6982, 
6980, 
7063, 
7039, 
7042, 
6927, 
7102, 
7088, 
7091, 
7155, 
7247, 
7299, 
7386, 
7368, 
7414, 
7327, 
7364, 
7421, 
7294, 
7133, 
6992, 
7074, 
7072, 
7018, 
7047, 
7111, 
7168, 
7130, 
7038, 
7146, 
7150, 
7151, 
7214, 
7232, 
7173, 
7200, 
7166, 
7147, 
7190, 
7108, 
6988, 
7082, 
7148, 
7128, 
7141, 
7199, 
7183, 
7336, 
7278, 
7271, 
7263, 
7161, 
7152, 
7357, 
7226, 
7153, 
7190, 
7127, 
7095, 
7009, 
7025, 
7128, 
7031, 
7097, 
6993, 
6886, 
6933, 
6847, 
6775, 
6733, 
6751, 
6688, 
6694, 
6825, 
6780, 
6754, 
6893, 
6928, 
6960, 
6977, 
7020, 
6937, 
6979, 
6957, 
6891, 
6910, 
6911, 
6952, 
6925, 
6839, 
6898, 
6832, 
6960, 
6996, 
6932, 
7063, 
7105, 
7137, 
7171, 
7203, 
7210, 
7407, 
7339, 
7434, 
7380, 
7493, 
7506, 
7544, 
7491, 
7564, 
7545, 
7516, 
7553, 
7601, 
7649, 
7714, 
7669, 
7719, 
7586, 
7575, 
7530, 
7475, 
7458, 
7404, 
7228, 
7202, 
7375, 
7334, 
7553, 
7630, 
7661, 
7627, 
7515, 
7515, 
7484, 
7468, 
7401, 
7357, 
7371, 
7420, 
7251, 
7171, 
7017, 
6949, 
6795, 
6722, 
6826, 
6806, 
6760, 
6756, 
6798, 
6883, 
6675, 
6789, 
6793, 
6859, 
6821, 
6795, 
6736, 
6897, 
6952, 
6897, 
6908, 
6945, 
6999, 
7097, 
6996, 
6885, 
6806, 
6774, 
6876, 
6948, 
6917, 
6882, 
6851, 
6991, 
6904, 
6926, 
7039, 
7088, 
7163, 
7165, 
7158, 
7108, 
7127, 
6987, 
7007, 
6895, 
6968, 
6989, 
6995, 
6837, 
6899, 
6867, 
6812, 
6810, 
6783, 
6721, 
6767, 
6909, 
6918, 
6995, 
6974, 
7080, 
7018, 
7151, 
7143, 
7210, 
7036, 
7129, 
7091, 
7125, 
7156, 
7091, 
7127, 
7112, 
7085, 
7117, 
7126, 
6975, 
7113, 
7123, 
7122, 
7091, 
7014, 
6936, 
6955, 
6896, 
6947, 
6945, 
6916, 
6933, 
6921, 
6821, 
6875, 
6884, 
6954, 
6799, 
6796, 
6782, 
6667, 
6758, 
6686, 
6770, 
6948, 
6817, 
6828, 
6836, 
6745, 
6840, 
6887, 
6973, 
7096, 
7137, 
7132, 
7060, 
7044, 
7240, 
7210, 
7291, 
7327, 
7251, 
7282, 
7221, 
7205, 
7115, 
7260, 
7153, 
7077, 
7078, 
7127, 
7155, 
7088, 
7147, 
7120, 
7131, 
7069, 
7026, 
7103, 
7191, 
7159, 
7098, 
7094, 
7181, 
7234, 
7290, 
7253, 
7270, 
7240, 
7230, 
7076, 
7101, 
7154, 
7096, 
7047, 
7139, 
7264, 
7175, 
7153, 
7103, 
7128, 
7078, 
7188, 
7222, 
7181, 
7148, 
7120, 
7181, 
7178, 
6997, 
6880, 
6794, 
6743, 
6772, 
6757, 
6912, 
6778, 
6905, 
6779, 
6719, 
6876, 
6987, 
6898, 
6999, 
7066, 
6978, 
6972, 
7012, 
7122, 
7082, 
7108, 
7010, 
7189, 
7086, 
7118, 
7024, 
7050, 
7160, 
7031, 
7118, 
7156, 
7204, 
7128, 
7144, 
7253, 
7413, 
7318, 
7164, 
7238, 
7341, 
7293, 
7232, 
7287, 
7246, 
7210, 
7268, 
7279, 
7184, 
7310, 
7220, 
7169, 
7196, 
7234, 
7346, 
7444, 
7328, 
7259, 
7345, 
7312, 
7352, 
7389, 
7389, 
7279, 
7253, 
7198, 
7142, 
7268, 
7283, 
7261, 
7228, 
7210, 
7066, 
7122, 
7092, 
7101, 
7136, 
7028, 
6968, 
6976, 
6952, 
7048, 
6988, 
6806, 
6766, 
6905, 
6810, 
6903, 
6893, 
6938, 
7006, 
6888, 
6904, 
6865, 
6878, 
6979, 
7044, 
7028, 
6966, 
6963, 
6986, 
7004, 
7071, 
6931, 
6915, 
7097, 
6948, 
7016, 
7055, 
6973, 
6805, 
6871, 
6863, 
6806, 
6840, 
6919, 
7087, 
7087, 
7223, 
7137, 
7147, 
7158, 
7216, 
7143, 
7217, 
7307, 
7398, 
7242, 
7276, 
7451, 
7463, 
7340, 
7294, 
7289, 
7326, 
7247, 
7226, 
7148, 
7231, 
7324, 
7187, 
7042, 
7068, 
6879, 
6939, 
7079, 
7076, 
7090, 
7113, 
7128, 
7245, 
7298, 
7203, 
7179, 
7156, 
7276, 
7227, 
7271, 
7355, 
7315, 
7426, 
7410, 
7423, 
7422, 
7351, 
7501, 
7497, 
7597, 
7541, 
7768, 
7748, 
7588, 
7493, 
7350, 
7454, 
7433, 
7361, 
7373, 
7277, 
7179, 
7157, 
7210, 
7320, 
7415, 
7368, 
7292, 
7334, 
7419, 
7565, 
7610, 
7580, 
7602, 
7525, 
7403, 
7347, 
7347, 
7392, 
7344, 
7342, 
7334, 
7328, 
7441, 
7472, 
7420, 
7408, 
7351, 
7216, 
7156, 
7143, 
7075, 
7176, 
7198, 
7247, 
7220, 
7317, 
7296, 
7290, 
7193, 
7111, 
7025, 
7001, 
7042, 
7095, 
7203, 
7149, 
7126, 
7169, 
7147, 
7209, 
7247, 
7306, 
7379, 
7403, 
7237, 
7284, 
7291, 
7244, 
7273, 
7379, 
7307, 
7288, 
7415, 
7350, 
7429, 
7498, 
7548, 
7550, 
7648, 
7529, 
7446, 
7515, 
7432, 
7210, 
7116, 
7218, 
7288, 
7404, 
7255, 
7150, 
7185, 
7093, 
7144, 
7198, 
7277, 
7376, 
7488, 
7488, 
7529, 
7426, 
7426, 
7337, 
7324, 
7399, 
7373, 
7367, 
7420, 
7490, 
7502, 
7556, 
7586, 
7672, 
7734, 
7729, 
7635, 
7589, 
7629, 
7656, 
7592, 
7537, 
7542, 
7625, 
7515, 
7462, 
7573, 
7513, 
7531, 
7522, 
7485, 
7486, 
7470, 
7576, 
7655, 
7572, 
7622, 
7579, 
7444, 
7424, 
7329, 
7446, 
7583, 
7624, 
7595, 
7401, 
7213, 
7254, 
7202, 
7213, 
7231, 
7125, 
7115, 
7200, 
7066, 
7029, 
6991, 
7116, 
7043, 
6908, 
7022, 
7051, 
7015, 
7052, 
7041, 
6981, 
7033, 
7010, 
7159, 
7245, 
7342, 
7366, 
7481, 
7593, 
7615, 
7607, 
7648, 
7580, 
7467, 
7480, 
7508, 
7470, 
7320, 
7186, 
7171, 
7153, 
7153, 
7092, 
7133, 
7041, 
7013, 
6964, 
6903, 
6798, 
6884, 
6931, 
6892, 
6882, 
6864, 
6923, 
6963, 
6967, 
6931, 
7013, 
7154, 
7131, 
7101, 
7176, 
7168, 
7286, 
7320, 
7414, 
7676, 
7540, 
7512, 
7534, 
7535, 
7537, 
7589, 
7645, 
7609, 
7607, 
7582, 
7504, 
7527, 
7554, 
7513, 
7431, 
7461, 
7321, 
7192, 
7183, 
7162, 
7205, 
7223, 
7217, 
7281, 
7303, 
7235, 
7245, 
7157, 
7199, 
7214, 
7243, 
7173, 
7071, 
7019, 
7079, 
7097, 
7231, 
7232, 
7199, 
7091, 
7027, 
7101, 
7072, 
7115, 
7130, 
6996, 
7000, 
7073, 
7181, 
7186, 
7124, 
7086, 
6940, 
7006, 
7017, 
6972, 
7022, 
6866, 
6744, 
6601, 
6501, 
6421, 
6374, 
6386, 
6307, 
6347, 
6401, 
6441, 
6607, 
6679, 
6687, 
6627, 
6575, 
6670, 
6877, 
6833, 
6799, 
6740, 
6683, 
6736, 
6561, 
6540, 
6614, 
6700, 
6824, 
6913, 
6903, 
7048, 
7166, 
7120, 
7051, 
7038, 
7013, 
6893, 
6925, 
7137, 
7156, 
7197, 
7238, 
7074, 
7131, 
7167, 
7181, 
7154, 
7222, 
7257, 
7324, 
7253, 
7204, 
7214, 
7197, 
7213, 
7255, 
7248, 
7143, 
6952, 
6919, 
6943, 
6969, 
7021, 
6849, 
6758, 
6789, 
6764, 
6833, 
6845, 
6887, 
6858, 
6874, 
6819, 
6880, 
6988, 
7078, 
7003, 
6930, 
6866, 
6811, 
6960, 
7030, 
6942, 
6934, 
6964, 
7047, 
6978, 
7007, 
7067, 
7232, 
7216, 
7153, 
7173, 
7111, 
6988, 
6888, 
6851, 
6873, 
6816, 
6835, 
6939, 
7028, 
7042, 
6996, 
6887, 
6927, 
7019, 
7157, 
7264, 
7330, 
7201, 
7312, 
7324, 
7343, 
7477, 
7453, 
7467, 
7502, 
7477, 
7451, 
7385, 
7435, 
7347, 
7490, 
7462, 
7388, 
7392, 
7325, 
7307, 
7436, 
7579, 
7577, 
7497, 
7516, 
7680, 
7642, 
7703, 
7663, 
7547, 
7520, 
7559, 
7475, 
7402, 
7409, 
7386, 
7248, 
7174, 
7049, 
7000, 
7032, 
7012, 
7083, 
7143, 
7294, 
7254, 
7246, 
7207, 
7123, 
7096, 
7144, 
7147, 
7134, 
7098, 
7092, 
7147, 
7282, 
7203, 
7277, 
7293, 
7061, 
6983, 
6785, 
6828, 
6854, 
6943, 
7017, 
6987, 
6931, 
6871, 
6765, 
6689, 
6690, 
6835, 
6765, 
6811, 
6801, 
6856, 
6835, 
6792, 
6847, 
6897, 
7005, 
6954, 
6895, 
6916, 
6929, 
6931, 
7039, 
7022, 
6972, 
6953, 
6915, 
6795, 
6823, 
6859, 
6940, 
6859, 
6910, 
6960, 
7079, 
7075, 
7172, 
7201, 
7242, 
7341, 
7244, 
7202, 
7214, 
7256, 
7301, 
7276, 
7245, 
7315, 
7384, 
7341, 
7492, 
7516, 
7423, 
7389, 
7463, 
7371, 
7298, 
7355, 
7355, 
7244, 
7228, 
7261, 
7404, 
7410, 
7434, 
7550, 
7561, 
7475, 
7486, 
7446, 
7376, 
7394, 
7538, 
7529, 
7626, 
7561, 
7626, 
7653, 
7589, 
7498, 
7448, 
7350, 
7315, 
7363, 
7466, 
7487, 
7496, 
7471, 
7478, 
7498, 
7544, 
7613, 
7627, 
7545, 
7717, 
7698, 
7728, 
7796, 
7878, 
7943, 
7979, 
7882, 
7802, 
7763, 
7612, 
7572, 
7545, 
7618, 
7625, 
7659, 
7656, 
7547, 
7562, 
7421, 
7340, 
7295, 
7222, 
7363, 
7331, 
7428, 
7455, 
7556, 
7488, 
7370, 
7144, 
7015, 
7048, 
7093, 
7030, 
7020, 
7102, 
7100, 
7167, 
7243, 
7242, 
7283, 
7334, 
7237, 
7188, 
7217, 
7198, 
7068, 
7001, 
7173, 
7260, 
7334, 
7275, 
7198, 
7191, 
7229, 
7108, 
7134, 
7167, 
7140, 
7246, 
7141, 
7032, 
7117, 
7057, 
7186, 
7202, 
7099, 
7158, 
7134, 
7130, 
7193, 
7071, 
7184, 
7075, 
7085, 
7148, 
7134, 
7130, 
7160, 
7082, 
7105, 
6966, 
6970, 
6966, 
6982, 
6999, 
6960, 
7169, 
7140, 
7270, 
7331, 
7307, 
7247, 
7297, 
7180, 
7181, 
7188, 
7112, 
7200, 
7300, 
7369, 
7287, 
7372, 
7203, 
7088, 
7048, 
6971, 
6977, 
6956, 
6868, 
6777, 
6699, 
6537, 
6486, 
6419, 
6429, 
6437, 
6439, 
6481, 
6529, 
6615, 
6690, 
6748, 
6781, 
6792, 
6890, 
6912, 
6890, 
6998, 
7029, 
7043, 
7214, 
7228, 
7150, 
7239, 
7299, 
7332, 
7359, 
7461, 
7657, 
7747, 
7901, 
7925, 
7968, 
7943, 
7929, 
7885, 
7948, 
8026, 
7857, 
7892, 
7788, 
7726, 
7725, 
7574, 
7642, 
7576, 
7572, 
7659, 
7639, 
7561, 
7598, 
7447, 
7447, 
7328, 
7311, 
7281, 
7334, 
7182, 
7158, 
7126, 
6988, 
6956, 
6913, 
7063, 
7202, 
7206, 
7191, 
7172, 
7151, 
7077, 
7140, 
7258, 
7232, 
7145, 
7152, 
7123, 
7079, 
7065, 
7123, 
7104, 
7065, 
7016, 
7107, 
7207, 
7125, 
7068, 
7055, 
7043, 
7151, 
7241, 
7318, 
7255, 
7356, 
7347, 
7524, 
7461, 
7511, 
7718, 
7648, 
7487, 
7290, 
7303, 
7196, 
7365, 
7409, 
7287, 
7241, 
7216, 
7329, 
7409, 
7265, 
7279, 
7230, 
7247, 
7260, 
7267, 
7275, 
7355, 
7306, 
7269, 
7286, 
7345, 
7383, 
7401, 
7335, 
7361, 
7429, 
7191, 
7370, 
7296, 
7392, 
7328, 
7206, 
7137, 
6943, 
6944, 
6939, 
6980, 
6912, 
6964, 
6906, 
6836, 
6911, 
6949, 
6796, 
6945, 
6885, 
6877, 
6873, 
6911, 
6950, 
6958, 
6965, 
6902, 
6860, 
6848, 
6864, 
7041, 
7077, 
7159, 
7164, 
7060, 
7136, 
6996, 
7138, 
7224, 
7216, 
7358, 
7260, 
7205, 
7266, 
7173, 
7342, 
7427, 
7399, 
7408, 
7462, 
7544, 
7538, 
7342, 
7372, 
7334, 
7340, 
7343, 
7278, 
7221, 
7247, 
7304, 
7376, 
7352, 
7437, 
7359, 
7278, 
7333, 
7360, 
7330, 
7299, 
7280, 
7344, 
7330, 
7391, 
7522, 
7448, 
7444, 
7411, 
7533, 
7490, 
7535, 
7390, 
7381, 
7457, 
7548, 
7508, 
7363, 
7287, 
7218, 
7216, 
7299, 
7249, 
7293, 
7397, 
7387, 
7448, 
7501, 
7386, 
7409, 
7411, 
7375, 
7494, 
7475, 
7358, 
7334, 
7151, 
7059, 
7058, 
7036, 
6974, 
6846, 
6779, 
6819, 
6868, 
6918, 
6943, 
7005, 
7033, 
7027, 
7089, 
7099, 
7000, 
7154, 
7127, 
7216, 
7157, 
7095, 
7118, 
7120, 
7135, 
7038, 
7026, 
6995, 
7007, 
6983, 
7020, 
7138, 
7208, 
7190, 
7207, 
7285, 
7284, 
7167, 
7176, 
7308, 
7330, 
7273, 
7175, 
7166, 
7028, 
7019, 
7005, 
6983, 
6942, 
6928, 
6967, 
7038, 
7016, 
6985, 
7171, 
7187, 
7321, 
7185, 
7301, 
7328, 
7320, 
7296, 
7208, 
7210, 
7282, 
7196, 
7266, 
7228, 
7025, 
7008, 
6910, 
7015, 
6982, 
6911, 
6906, 
6901, 
6930, 
6950, 
6991, 
7027, 
7055, 
7083, 
6916, 
6855, 
6773, 
6776, 
6803, 
6775, 
6946, 
6965, 
7132, 
7223, 
7245, 
7342, 
7269, 
7265, 
7344, 
7247, 
7197, 
7088, 
7136, 
6972, 
7030, 
7014, 
6955, 
6951, 
6899, 
7020, 
6976, 
7036, 
7170, 
7305, 
7362, 
7321, 
7291, 
7273, 
7300, 
7216, 
7293, 
7377, 
7420, 
7522, 
7575, 
7448, 
7355, 
7414, 
7352, 
7179, 
7072, 
7076, 
7125, 
7149, 
7125, 
7137, 
7170, 
7167, 
7025, 
7104, 
7020, 
6966, 
6853, 
6790, 
6861, 
6764, 
6829, 
6885, 
6909, 
6918, 
6975, 
6927, 
7032, 
7005, 
6941, 
6998, 
6932, 
6981, 
7066, 
7355, 
7373, 
7260, 
7452, 
7436, 
7398, 
7385, 
7335, 
7394, 
7436, 
7429, 
7439, 
7444, 
7317, 
7155, 
7113, 
7040, 
7104, 
7174, 
7161, 
7238, 
7304, 
7181, 
7209, 
7287, 
7311, 
7481, 
7550, 
7617, 
7636, 
7524, 
7653, 
7708, 
7790, 
7792, 
7771, 
7744, 
7727, 
7626, 
7752, 
7815, 
7903, 
7873, 
7806, 
7738, 
7582, 
7661, 
7675, 
7706, 
7620, 
7622, 
7544, 
7594, 
7495, 
7436, 
7487, 
7400, 
7440, 
7434, 
7480, 
7482, 
7432, 
7388, 
7406, 
7425, 
7519, 
7603, 
7572, 
7573, 
7373, 
7338, 
7357, 
7382, 
7444, 
7313, 
7350, 
7251, 
7298, 
7089, 
6985, 
7156, 
7089, 
7113, 
7205, 
7181, 
7138, 
7339, 
7242, 
7163, 
7262, 
7204, 
7163, 
7211, 
7182, 
7127, 
7174, 
7171, 
7177, 
7340, 
7474, 
7423, 
7286, 
7172, 
7212, 
7249, 
7208, 
7290, 
7233, 
7171, 
7059, 
7196, 
7181, 
7134, 
7033, 
7131, 
7111, 
7027, 
6987, 
7014, 
7209, 
7154, 
7207, 
7164, 
7022, 
7050, 
7084, 
7089, 
6979, 
7132, 
7228, 
7121, 
7148, 
7179, 
7280, 
7286, 
7281, 
7123, 
7101, 
6934, 
6965, 
6912, 
6969, 
7042, 
6890, 
6962, 
6986, 
6916, 
7069, 
7078, 
7167, 
7103, 
7138, 
7046, 
7043, 
7069, 
7140, 
7130, 
7062, 
6928, 
6924, 
6943, 
7010, 
7018, 
6903, 
6833, 
6984, 
7048, 
6953, 
6976, 
7030, 
7110, 
7152, 
7060, 
7175, 
7133, 
7016, 
6894, 
6835, 
6754, 
6738, 
6696, 
6889, 
6840, 
6893, 
6856, 
6963, 
6968, 
6908, 
6883, 
6695, 
6736, 
6781, 
6603, 
6745, 
6656, 
6628, 
6624, 
6706, 
6661, 
6848, 
6888, 
6952, 
6847, 
6936, 
7050, 
7116, 
7126, 
6991, 
6942, 
6983, 
7000, 
6940, 
6816, 
6750, 
6752, 
6834, 
6819, 
6854, 
6844, 
6844, 
6787, 
6831, 
6729, 
6716, 
6682, 
6576, 
6589, 
6563, 
6574, 
6458, 
6447, 
6576, 
6539, 
6517, 
6573, 
6670, 
6685, 
6592, 
6579, 
6504, 
6356, 
6333, 
6258, 
6310, 
6298, 
6346, 
6441, 
6433, 
6513, 
6579, 
6625, 
6541, 
6580, 
6658, 
6652, 
6732, 
6871, 
6941, 
6972, 
6904, 
6999, 
6990, 
6912, 
6912, 
6899, 
6996, 
6907, 
7032, 
6920, 
6909, 
6871, 
6919, 
6685, 
6663, 
6720, 
6779, 
6927, 
6910, 
6904, 
6972, 
6962, 
6985, 
6902, 
6858, 
6856, 
7089, 
7222, 
7200, 
7147, 
7113, 
7194, 
7259, 
7252, 
7297, 
7438, 
7427, 
7444, 
7296, 
7338, 
7307, 
7250, 
7213, 
7058, 
6862, 
6907, 
6828, 
6876, 
6782, 
6808, 
6802, 
6756, 
6662, 
6671, 
6722, 
6727, 
6685, 
6712, 
6749, 
6842, 
6790, 
6756, 
6698, 
6749, 
6758, 
6872, 
6896, 
6801, 
6806, 
6735, 
6807, 
7001, 
7050, 
7048, 
6984, 
6942, 
6970, 
6984, 
6866, 
6954, 
6916, 
6856, 
6876, 
6809, 
6774, 
6798, 
6875, 
6863, 
6889, 
6847, 
6847, 
6850, 
6767, 
6739, 
6703, 
6721, 
6710, 
6819, 
6915, 
6964, 
6966, 
7064, 
7052, 
7058, 
7048, 
6940, 
7102, 
6993, 
7086, 
7083, 
7160, 
7193, 
7180, 
7182, 
6991, 
7015, 
7007, 
6974, 
7015, 
7008, 
6915, 
6796, 
6871, 
6979, 
6755, 
6632, 
6687, 
6616, 
6687, 
6808, 
6752, 
6694, 
6771, 
6895, 
6955, 
6916, 
6904, 
7091, 
7187, 
7116, 
7227, 
7321, 
7360, 
7297, 
7350, 
7325, 
7359, 
7486, 
7597, 
7535, 
7381, 
7516, 
7598, 
7509, 
7575, 
7530, 
7539, 
7513, 
7595, 
7707, 
7650, 
7649, 
7681, 
7706, 
7759, 
7799, 
7628, 
7565, 
7586, 
7741, 
7698, 
7574, 
7613, 
7581, 
7508, 
7518, 
7540, 
7436, 
7592, 
7579, 
7558, 
7448, 
7498, 
7396, 
7409, 
7232, 
7217, 
7101, 
7200, 
7247, 
7240, 
7101, 
7183, 
7201, 
7129, 
7083, 
7012, 
6852, 
6927, 
7057, 
6885, 
6874, 
6855, 
6943, 
6809, 
6777, 
6889, 
6771, 
6855, 
6895, 
6799, 
6693, 
6706, 
6722, 
6575, 
6667, 
6453, 
6483, 
6602, 
6705, 
6635, 
6701, 
6668, 
6695, 
6706, 
6806, 
7013, 
6983, 
7059, 
7093, 
7033, 
7025, 
7084, 
7166, 
7213, 
7339, 
7213, 
7127, 
7065, 
7074, 
7086, 
6955, 
6894, 
6870, 
6649, 
6761, 
6657, 
6833, 
6822, 
6751, 
6812, 
6774, 
6810, 
6775, 
6764, 
6730, 
6661, 
6646, 
6706, 
6789, 
6764, 
6847, 
6932, 
6901, 
6999, 
7037, 
6956, 
6999, 
7009, 
7199, 
7038, 
7181, 
7163, 
7119, 
7137, 
7315, 
7410, 
7290, 
7337, 
7254, 
7234, 
7236, 
7269, 
7339, 
7379, 
7299, 
7287, 
7378, 
7244, 
7269, 
7334, 
7477, 
7531, 
7468, 
7400, 
7379, 
7296, 
7190, 
7255, 
7148, 
7121, 
7234, 
7243, 
7295, 
7390, 
7277, 
7344, 
7385, 
7308, 
7205, 
7177, 
7198, 
7312, 
7228, 
7269, 
7428, 
7408, 
7436, 
7498, 
7344, 
7318, 
7287, 
7317, 
7347, 
7522, 
7403, 
7370, 
7412, 
7389, 
7335, 
7325, 
7185, 
7268, 
7214, 
7234, 
7267, 
7291, 
7238, 
7211, 
7220, 
7157, 
7234, 
7180, 
7163, 
7229, 
7160, 
7241, 
7267, 
7337, 
7491, 
7540, 
7636, 
7654, 
7524, 
7519, 
7421, 
7398, 
7380, 
7232, 
7213, 
7220, 
7203, 
7129, 
7154, 
7270, 
7314, 
7323, 
7286, 
7278, 
7274, 
7450, 
7479, 
7500, 
7539, 
7525, 
7624, 
7562, 
7502, 
7408, 
7442, 
7428, 
7378, 
7344, 
7258, 
7225, 
7315, 
7268, 
7346, 
7299, 
7073, 
7007, 
7108, 
7155, 
7081, 
7083, 
7128, 
7042, 
6985, 
6921, 
7086, 
7073, 
7117, 
7080, 
7052, 
7084, 
7033, 
7107, 
7130, 
7117, 
7078, 
6975, 
7073, 
7076, 
7025, 
6991, 
6879, 
6761, 
6827, 
6819, 
6816, 
6768, 
6792, 
6776, 
6797, 
6805, 
6779, 
6763, 
6651, 
6559, 
6514, 
6504, 
6475, 
6480, 
6508, 
6538, 
6552, 
6619, 
6543, 
6488, 
6410, 
6470, 
6532, 
6559, 
6607, 
6544, 
6487, 
6580, 
6515, 
6477, 
6496, 
6376, 
6443, 
6450, 
6422, 
6533, 
6508, 
6484, 
6489, 
6398, 
6435, 
6433, 
6507, 
6518, 
6556, 
6645, 
6654, 
6683, 
6619, 
6678, 
6714, 
6860, 
6888, 
6918, 
6886, 
6822, 
6815, 
6779, 
6814, 
6739, 
6737, 
6759, 
6758, 
6936, 
6883, 
6798, 
6800, 
6839, 
6814, 
6728, 
6703, 
6777, 
6620, 
6475, 
6517, 
6518, 
6516, 
6572, 
6514, 
6539, 
6683, 
6568, 
6533, 
6533, 
6456, 
6383, 
6384, 
6443, 
6428, 
6444, 
6539, 
6477, 
6456, 
6470, 
6601, 
6589, 
6712, 
6802, 
6877, 
6966, 
6982, 
6949, 
7017, 
6895, 
7039, 
7073, 
7090, 
7156, 
7188, 
7129, 
7080, 
7130, 
7029, 
7076, 
7015, 
6919, 
6876, 
7024, 
7047, 
6961, 
6880, 
6914, 
7046, 
7075, 
7210, 
7055, 
7060, 
7101, 
7124, 
7088, 
7120, 
7084, 
7103, 
7099, 
7057, 
7096, 
7102, 
7118, 
7095, 
7148, 
7136, 
7139, 
7038, 
7038, 
7113, 
7032, 
7135, 
7152, 
7182, 
7072, 
7078, 
7176, 
7231, 
7340, 
7355, 
7363, 
7199, 
7153, 
7019, 
6944, 
6963, 
6983, 
6836, 
6905, 
6910, 
6913, 
7016, 
6961, 
7037, 
6991, 
7083, 
6944, 
7003, 
6958, 
6998, 
7066, 
7159, 
7186, 
7262, 
7151, 
7309, 
7302, 
7365, 
7293, 
7301, 
7289, 
7345, 
7291, 
7394, 
7423, 
7369, 
7232, 
7370, 
7279, 
7421, 
7521, 
7533, 
7570, 
7514, 
7541, 
7601, 
7549, 
7577, 
7412, 
7342, 
7433, 
7468, 
7515, 
7426, 
7509, 
7454, 
7470, 
7491, 
7509, 
7515, 
7545, 
7501, 
7564, 
7690, 
7629, 
7615, 
7621, 
7716, 
7782, 
7711, 
7687, 
7624, 
7680, 
7704, 
7822, 
7753, 
7656, 
7566, 
7445, 
7504, 
7418, 
7284, 
7263, 
7143, 
7015, 
6963, 
7016, 
7050, 
7069, 
7134, 
7155, 
7103, 
7188, 
7189, 
7269, 
7327, 
7291, 
7335, 
7436, 
7317, 
7560, 
7477, 
7440, 
7512, 
7429, 
7402, 
7484, 
7514, 
7401, 
7434, 
7447, 
7529, 
7428, 
7507, 
7467, 
7550, 
7536, 
7640, 
7720, 
7578, 
7519, 
7524, 
7456, 
7417, 
7435, 
7433, 
7423, 
7290, 
7218, 
7254, 
7160, 
6978, 
7040, 
6995, 
6980, 
6888, 
6991, 
6873, 
6896, 
6988, 
6995, 
7026, 
7007, 
6960, 
6992, 
7114, 
7159, 
7269, 
7282, 
7293, 
7238, 
7178, 
6988, 
7027, 
7113, 
7085, 
7142, 
7188, 
7198, 
7210, 
7221, 
7293, 
7199, 
7312, 
7447, 
7427, 
7567, 
7553, 
7477, 
7420, 
7277, 
7240, 
7230, 
7144, 
7225, 
7155, 
7232, 
7273, 
7203, 
7247, 
7157, 
7079, 
7069, 
7005, 
6916, 
6808, 
6993, 
7128, 
7109, 
7139, 
7219, 
7144, 
7069, 
7085, 
7082, 
7006, 
7042, 
6987, 
7060, 
7042, 
7107, 
7117, 
7171, 
7133, 
7223, 
7277, 
7326, 
7177, 
7102, 
6975, 
7028, 
6997, 
7029, 
6925, 
6943, 
7036, 
7072, 
7127, 
7134, 
7217, 
7196, 
7240, 
7164, 
7123, 
7143, 
7038, 
7006, 
7136, 
7184, 
7298, 
7271, 
7426, 
7326, 
7399, 
7540, 
7487, 
7531, 
7407, 
7470, 
7485, 
7500, 
7477, 
7425, 
7429, 
7365, 
7397, 
7573, 
7614, 
7545, 
7473, 
7429, 
7398, 
7345, 
7320, 
7297, 
7324, 
7372, 
7399, 
7441, 
7341, 
7320, 
7417, 
7418, 
7292, 
7240, 
7170, 
7057, 
7058, 
6965, 
6769, 
6935, 
6893, 
7005, 
6974, 
7091, 
6943, 
6957, 
6863, 
6788, 
6939, 
6938, 
6951, 
6931, 
6924, 
6870, 
6834, 
6727, 
6855, 
6835, 
6846, 
6807, 
6820, 
6914, 
6950, 
6844, 
6821, 
6892, 
6927, 
6920, 
6903, 
6818, 
6752, 
6903, 
6885, 
6878, 
6701, 
6817, 
6842, 
6871, 
6862, 
6928, 
6988, 
6939, 
6832, 
6821, 
6813, 
6887, 
6832, 
6889, 
6928, 
7009, 
7006, 
7040, 
7006, 
7009, 
6960, 
7151, 
7169, 
7075, 
7015, 
7050, 
7058, 
7011, 
6983, 
7014, 
6883, 
6822, 
6840, 
6879, 
6963, 
6883, 
6889, 
6895, 
7054, 
7075, 
7132, 
7157, 
7123, 
7053, 
7078, 
7072, 
7099, 
6988, 
7081, 
7100, 
7199, 
7259, 
7156, 
7055, 
7114, 
7212, 
7172, 
7219, 
7270, 
7283, 
7227, 
7182, 
7309, 
7482, 
7467, 
7576, 
7720, 
7709, 
7646, 
7499, 
7478, 
7424, 
7342, 
7476, 
7506, 
7569, 
7589, 
7638, 
7602, 
7569, 
7468, 
7370, 
7317, 
7305, 
7319, 
7219, 
7309, 
7327, 
7476, 
7691, 
7748, 
7693, 
7734, 
7853, 
7745, 
7781, 
7758, 
7660, 
7574, 
7514, 
7515, 
7365, 
7447, 
7317, 
7204, 
7205, 
7200, 
7292, 
7364, 
7282, 
7495, 
7608, 
7631, 
7716, 
7666, 
7621, 
7590, 
7596, 
7625, 
7787, 
7724, 
7711, 
7686, 
7530, 
7444, 
7472, 
7418, 
7442, 
7447, 
7372, 
7464, 
7334, 
7570, 
7581, 
7509, 
7338, 
7187, 
7240, 
7180, 
7186, 
7150, 
7174, 
7157, 
7075, 
7046, 
6929, 
6891, 
6871, 
6899, 
6937, 
7031, 
6943, 
6974, 
7055, 
7013, 
6989, 
7107, 
7139, 
7174, 
7166, 
7231, 
7407, 
7410, 
7465, 
7524, 
7470, 
7381, 
7375, 
7333, 
7283, 
7280, 
7449, 
7329, 
7291, 
7278, 
7058, 
7026, 
7120, 
7109, 
7067, 
7090, 
7035, 
6985, 
6886, 
6895, 
6931, 
6885, 
6935, 
7062, 
6967, 
6942, 
6850, 
6809, 
6827, 
6850, 
6773, 
6710, 
6610, 
6645, 
6606, 
6595, 
6834, 
6815, 
6844, 
6802, 
7017, 
7139, 
7282, 
7204, 
7267, 
7323, 
7327, 
7428, 
7291, 
7236, 
7207, 
7095, 
6958, 
6940, 
6997, 
7019, 
7033, 
7030, 
7049, 
7004, 
6996, 
6989, 
6945, 
6971, 
6814, 
6887, 
6842, 
6803, 
6731, 
6818, 
6828, 
6822, 
6739, 
6878, 
6951, 
6843, 
6885, 
6791, 
6810, 
6824, 
6821, 
6872, 
6865, 
6916, 
6895, 
6957, 
6888, 
6947, 
6898, 
6854, 
6873, 
7028, 
7082, 
7153, 
7128, 
7074, 
7107, 
7086, 
7152, 
7114, 
7035, 
7085, 
7279, 
7147, 
7092, 
7078, 
7232, 
7173, 
7325, 
7304, 
7155, 
7292, 
7292, 
7293, 
7172, 
7240, 
7246, 
7265, 
7209, 
7268, 
7194, 
7223, 
7145, 
7125, 
7136, 
7080, 
7070, 
7065, 
7062, 
6874, 
6906, 
7110, 
7115, 
7011, 
7030, 
6915, 
6946, 
6924, 
6865, 
6875, 
6942, 
6854, 
6690, 
6766, 
6750, 
6661, 
6738, 
6766, 
6755, 
6838, 
6784, 
6891, 
6902, 
6864, 
7023, 
7142, 
7191, 
7063, 
7044, 
7007, 
7089, 
7203, 
7273, 
7202, 
7225, 
6975, 
7064, 
7071, 
7170, 
7280, 
7374, 
7293, 
7210, 
7246, 
7266, 
7255, 
7170, 
7174, 
7198, 
7133, 
7129, 
7090, 
7088, 
7166, 
7093, 
7043, 
7004, 
7065, 
7173, 
7180, 
7160, 
6964, 
6832, 
6832, 
6793, 
6901, 
6920, 
6864, 
6886, 
6909, 
6899, 
6955, 
6966, 
6933, 
6866, 
6849, 
6835, 
6854, 
6828, 
6855, 
6916, 
6973, 
7005, 
7071, 
6990, 
6950, 
6942, 
6853, 
6946, 
7135, 
7110, 
7186, 
7152, 
7049, 
6984, 
7134, 
7166, 
7246, 
7260, 
7198, 
7170, 
7221, 
7095, 
7010, 
6975, 
6849, 
6829, 
6774, 
6876, 
6829, 
7001, 
7009, 
7107, 
7158, 
7206, 
7159, 
7094, 
7086, 
7020, 
6910, 
6887, 
6812, 
6894, 
6799, 
6639, 
6662, 
6789, 
6797, 
6806, 
6862, 
7011, 
7038, 
6975, 
6951, 
6955, 
7000, 
7069, 
7279, 
7381, 
7311, 
7162, 
7156, 
7212, 
7223, 
7141, 
7286, 
7291, 
7355, 
7423, 
7358, 
7601, 
7805, 
7815, 
7763, 
7681, 
7774, 
7563, 
7537, 
7535, 
7502, 
7585, 
7619, 
7682, 
7726, 
7684, 
7657, 
7712, 
7554, 
7486, 
7545, 
7588, 
7667, 
7698, 
7709, 
7836, 
7939, 
7903, 
7841, 
7873, 
7879, 
7803, 
7794, 
7726, 
7654, 
7611, 
7621, 
7634, 
7489, 
7523, 
7455, 
7400, 
7373, 
7194, 
7180, 
7216, 
7314, 
7387, 
7421, 
7334, 
7473, 
7410, 
7292, 
7299, 
7260, 
7068, 
7067, 
7053, 
6939, 
6931, 
6893, 
7010, 
7161, 
7180, 
7365, 
7363, 
7356, 
7319, 
7351, 
7346, 
7463, 
7412, 
7430, 
7482, 
7402, 
7488, 
7222, 
7139, 
6990, 
7057, 
7188, 
7156, 
7197, 
7198, 
7286, 
7132, 
7049, 
6913, 
6928, 
6994, 
7065, 
6997, 
7117, 
7104, 
7080, 
7100, 
7103, 
7211, 
7237, 
7276, 
7282, 
7226, 
7113, 
7105, 
7207, 
7068, 
6938, 
6886, 
6805, 
6738, 
6822, 
6897, 
6836, 
6843, 
6919, 
6800, 
6796, 
6849, 
6822, 
6788, 
6831, 
6792, 
6940, 
6969, 
6905, 
6915, 
6780, 
6857, 
6849, 
6809, 
6834, 
6961, 
6937, 
6916, 
6812, 
6807, 
6857, 
6927, 
6911, 
6964, 
7038, 
7063, 
7253, 
7185, 
7184, 
7168, 
7266, 
7367, 
7450, 
7502, 
7410, 
7465, 
7371, 
7267, 
7486, 
7399, 
7318, 
7271, 
7325, 
7252, 
7145, 
7089, 
7142, 
7052, 
6998, 
7125, 
7101, 
7222, 
7140, 
7197, 
7347, 
7319, 
7276, 
7343, 
7297, 
7356, 
7275, 
7263, 
7301, 
7241, 
7368, 
7447, 
7405, 
7354, 
7441, 
7390, 
7372, 
7508, 
7416, 
7295, 
7429, 
7505, 
7414, 
7304, 
7214, 
7286, 
7274, 
7271, 
7363, 
7243, 
7388, 
7472, 
7478, 
7547, 
7604, 
7716, 
7651, 
7597, 
7544, 
7692, 
7615, 
7441, 
7367, 
7307, 
7292, 
7338, 
7308, 
7199, 
7091, 
7169, 
7125, 
7202, 
7158, 
7294, 
7137, 
7151, 
7337, 
7341, 
7499, 
7464, 
7347, 
7238, 
7122, 
7018, 
6994, 
7148, 
7147, 
7109, 
7110, 
6967, 
6817, 
6731, 
6839, 
6840, 
6851, 
6766, 
6899, 
6933, 
6949, 
6795, 
6960, 
7092, 
7097, 
7070, 
7003, 
6984, 
7010, 
6986, 
7046, 
6948, 
6972, 
6959, 
6913, 
6912, 
6905, 
7013, 
6923, 
6941, 
6914, 
6844, 
6757, 
6814, 
6843, 
6962, 
6954, 
6920, 
6830, 
6809, 
6659, 
6661, 
6635, 
6668, 
6653, 
6469, 
6537, 
6606, 
6568, 
6582, 
6628, 
6614, 
6683, 
6616, 
6735, 
6754, 
6681, 
6610, 
6783, 
6800, 
6822, 
6899, 
6882, 
6910, 
7011, 
7215, 
7311, 
7211, 
7333, 
7185, 
7212, 
7207, 
7038, 
7063, 
7054, 
7143, 
7300, 
7431, 
7375, 
7371, 
7332, 
7317, 
7375, 
7299, 
7372, 
7285, 
7265, 
7267, 
7222, 
7373, 
7190, 
7280, 
7197, 
7215, 
7161, 
7178, 
7258, 
7286, 
7250, 
7211, 
7279, 
7254, 
7294, 
7296, 
7384, 
7371, 
7315, 
7334, 
7270, 
7229, 
7201, 
7176, 
7262, 
7186, 
7080, 
7148, 
7230, 
7085, 
7036, 
7098, 
7171, 
7109, 
7206, 
7246, 
7135, 
7180, 
7116, 
7170, 
7142, 
7094, 
7279, 
7301, 
7317, 
7346, 
7271, 
7192, 
7342, 
7297, 
7377, 
7417, 
7417, 
7287, 
7187, 
7354, 
7391, 
7232, 
7138, 
7079, 
7038, 
7051, 
7076, 
6955, 
6836, 
6997, 
6972, 
6961, 
6996, 
7070, 
7147, 
7115, 
7289, 
7281, 
7198, 
7144, 
7181, 
7154, 
7132, 
7082, 
7063, 
7071, 
7014, 
6978, 
6993, 
6966, 
7043, 
6994, 
6997, 
6942, 
7082, 
7055, 
7087, 
7069, 
7131, 
6997, 
6853, 
6991, 
7068, 
7152, 
7237, 
7077, 
7137, 
6947, 
6891, 
6953, 
7046, 
7100, 
7068, 
6981, 
7052, 
7154, 
7090, 
7126, 
6972, 
6928, 
6881, 
6820, 
6769, 
6704, 
6794, 
6797, 
6782, 
6846, 
6734, 
6740, 
6885, 
6907, 
6977, 
6889, 
6909, 
6991, 
7063, 
7012, 
7052, 
6876, 
6821, 
6831, 
6802, 
6850, 
6864, 
6835, 
6823, 
6894, 
6994, 
7128, 
7165, 
7043, 
7029, 
7050, 
7204, 
7259, 
7177, 
7176, 
7141, 
7120, 
7127, 
7177, 
7193, 
7222, 
7159, 
7230, 
7100, 
7227, 
7206, 
7160, 
7198, 
7144, 
7114, 
6970, 
7005, 
7009, 
7076, 
7020, 
6998, 
6962, 
6941, 
7072, 
7087, 
6956, 
6977, 
7008, 
6869, 
6869, 
6878, 
6957, 
7091, 
6975, 
6970, 
7082, 
7100, 
7183, 
7219, 
7376, 
7366, 
7204, 
7242, 
7190, 
7202, 
7302, 
7286, 
7152, 
7107, 
7037, 
7066, 
7183, 
7028, 
7055, 
7093, 
7009, 
6967, 
7088, 
7165, 
7110, 
7199, 
7167, 
7309, 
7246, 
7288, 
7104, 
7114, 
7030, 
6876, 
6864, 
6892, 
6860, 
6658, 
6772, 
6739, 
6752, 
6602, 
6636, 
6684, 
6662, 
6521, 
6634, 
6702, 
6747, 
6787, 
6850, 
6918, 
7022, 
6988, 
6940, 
6905, 
6879, 
6807, 
6765, 
6880, 
6896, 
6851, 
6843, 
6876, 
6855, 
6791, 
6780, 
6783, 
6904, 
6981, 
7100, 
7124, 
7047, 
7062, 
7148, 
7217, 
7197, 
7250, 
7239, 
7218, 
7173, 
7327, 
7447, 
7470, 
7341, 
7104, 
7142, 
7174, 
7297, 
7406, 
7385, 
7420, 
7355, 
7351, 
7330, 
7404, 
7391, 
7436, 
7530, 
7532, 
7692, 
7587, 
7487, 
7522, 
7504, 
7633, 
7784, 
7894, 
7916, 
7809, 
7817, 
7761, 
7782, 
7638, 
7601, 
7634, 
7626, 
7633, 
7624, 
7678, 
7649, 
7556, 
7488, 
7484, 
7463, 
7306, 
7315, 
7229, 
7346, 
7396, 
7449, 
7403, 
7398, 
7310, 
7342, 
7252, 
7181, 
7281, 
7191, 
7180, 
7097, 
6988, 
6822, 
6727, 
6707, 
6857, 
6957, 
6979, 
6973, 
7032, 
7089, 
7113, 
7160, 
7102, 
7114, 
7198, 
7230, 
7206, 
7094, 
7064, 
7038, 
7039, 
6870, 
6894, 
6860, 
6894, 
7005, 
7044, 
7115, 
7051, 
7038, 
7076, 
7115, 
7190, 
7270, 
7329, 
7228, 
7226, 
7166, 
7176, 
7249, 
7186, 
7269, 
7344, 
7235, 
7211, 
7271, 
7344, 
7303, 
7335, 
7246, 
7136, 
7006, 
6971, 
6856, 
6821, 
6787, 
6776, 
6729, 
6709, 
6680, 
6733, 
6889, 
6915, 
6937, 
6865, 
6956, 
6936, 
6929, 
7005, 
6997, 
6998, 
6949, 
6873, 
6936, 
6839, 
6837, 
6677, 
6786, 
6783, 
6662, 
6600, 
6649, 
6713, 
6674, 
6556, 
6495, 
6481, 
6483, 
6467, 
6589, 
6541, 
6550, 
6709, 
6748, 
6669, 
6697, 
6674, 
6749, 
6707, 
6664, 
6758, 
6678, 
6711, 
6674, 
6664, 
6663, 
6743, 
6700, 
6735, 
6789, 
6665, 
6778, 
6822, 
6765, 
6632, 
