50601, 
50941, 
51290, 
51479, 
51871, 
52307, 
52893, 
53480, 
53780, 
53969, 
54034, 
54247, 
54363, 
54298, 
54396, 
54506, 
54781, 
54819, 
54886, 
54801, 
54767, 
54890, 
54837, 
54841, 
54894, 
54951, 
54913, 
54834, 
54778, 
54644, 
54655, 
54782, 
54914, 
54920, 
54894, 
55013, 
54974, 
55042, 
55074, 
55029, 
54953, 
54954, 
54798, 
54846, 
54902, 
54792, 
54810, 
54754, 
54812, 
54667, 
54502, 
54434, 
54405, 
54324, 
54566, 
54720, 
54633, 
54677, 
54398, 
54343, 
54576, 
54678, 
54586, 
54789, 
54736, 
54626, 
54748, 
54635, 
54451, 
54665, 
54573, 
54505, 
54669, 
54612, 
54822, 
54628, 
54805, 
54934, 
54837, 
54939, 
55095, 
55078, 
55192, 
55081, 
54924, 
54853, 
54877, 
54944, 
55005, 
55041, 
55126, 
54994, 
54957, 
55159, 
55153, 
55308, 
55163, 
55445, 
55462, 
55394, 
55186, 
54907, 
54934, 
55019, 
54982, 
55116, 
55146, 
55185, 
55380, 
55464, 
55325, 
55094, 
54985, 
54929, 
55098, 
55088, 
55202, 
55136, 
54876, 
54792, 
54744, 
54691, 
54696, 
54719, 
55022, 
54853, 
55050, 
55065, 
54970, 
54962, 
55034, 
55092, 
55064, 
55087, 
55094, 
55188, 
55312, 
55108, 
55212, 
55184, 
55107, 
55237, 
54999, 
54891, 
54973, 
54917, 
54990, 
54762, 
54770, 
55046, 
54946, 
55049, 
55067, 
55226, 
54996, 
54954, 
54972, 
54879, 
54929, 
54688, 
54798, 
54640, 
54721, 
54797, 
54656, 
54616, 
54632, 
54783, 
54678, 
54812, 
54795, 
54929, 
54975, 
55079, 
55197, 
55325, 
54876, 
54857, 
54845, 
55046, 
54944, 
54975, 
54929, 
54820, 
54757, 
54741, 
54900, 
54817, 
54820, 
54958, 
55172, 
55069, 
55161, 
55254, 
55236, 
55172, 
55060, 
54822, 
55035, 
54969, 
54939, 
54928, 
54986, 
55103, 
55140, 
55137, 
55089, 
55313, 
55146, 
55409, 
55481, 
55330, 
55144, 
55280, 
55219, 
55288, 
55395, 
55236, 
54874, 
54822, 
54894, 
54969, 
55035, 
55112, 
55153, 
54886, 
54884, 
54853, 
55059, 
55233, 
55466, 
55515, 
55469, 
55532, 
55330, 
55282, 
55420, 
55348, 
55045, 
55038, 
55018, 
55049, 
54942, 
55031, 
55025, 
54995, 
54916, 
54922, 
54895, 
54960, 
55126, 
55006, 
55109, 
55349, 
55319, 
55204, 
55151, 
55083, 
54939, 
54823, 
55016, 
54884, 
54850, 
54909, 
54628, 
54540, 
54451, 
54402, 
54420, 
54686, 
54663, 
54854, 
54706, 
54694, 
54748, 
54796, 
54839, 
54870, 
54895, 
55012, 
54819, 
54925, 
54927, 
54978, 
55018, 
55082, 
55123, 
55146, 
55151, 
55159, 
55056, 
55070, 
55197, 
55058, 
55026, 
54983, 
55052, 
55019, 
54797, 
54880, 
54881, 
55029, 
55017, 
55055, 
55125, 
55087, 
55070, 
55017, 
55114, 
55047, 
55127, 
55086, 
54988, 
54881, 
54904, 
54884, 
54849, 
54918, 
54918, 
55004, 
55068, 
54861, 
54686, 
54708, 
54777, 
55061, 
55051, 
54997, 
54919, 
54864, 
54861, 
54630, 
54487, 
54446, 
54365, 
54385, 
54461, 
54533, 
54713, 
54959, 
55014, 
54827, 
54757, 
54767, 
54577, 
54684, 
54727, 
54848, 
54649, 
54736, 
54732, 
54732, 
54794, 
54665, 
54623, 
54767, 
54893, 
54836, 
54999, 
54931, 
55213, 
55303, 
55252, 
54976, 
55135, 
55075, 
54947, 
54943, 
54936, 
55035, 
55120, 
54733, 
54700, 
54930, 
54868, 
54778, 
54687, 
54586, 
54545, 
54686, 
54839, 
54845, 
54879, 
54828, 
54774, 
54788, 
54759, 
54651, 
54770, 
54631, 
54619, 
54742, 
54802, 
54678, 
54540, 
54782, 
54982, 
54827, 
54861, 
54772, 
54856, 
54884, 
55079, 
54893, 
54873, 
54834, 
54905, 
54874, 
54844, 
54639, 
54555, 
54667, 
54557, 
54650, 
54834, 
54836, 
55008, 
55014, 
55393, 
55151, 
55182, 
55048, 
54936, 
54853, 
54892, 
55029, 
54999, 
54812, 
54932, 
54822, 
54983, 
54844, 
54815, 
54941, 
55038, 
55115, 
55048, 
55077, 
54894, 
54949, 
54772, 
54524, 
54403, 
54367, 
54539, 
54649, 
54783, 
54816, 
54971, 
54736, 
54839, 
54773, 
54790, 
54789, 
54949, 
54834, 
55007, 
54949, 
55114, 
55085, 
55212, 
55498, 
55517, 
55346, 
55369, 
55413, 
55319, 
55377, 
55479, 
55463, 
55373, 
55367, 
55275, 
55362, 
55356, 
55280, 
54966, 
55067, 
54982, 
54787, 
54834, 
54968, 
54850, 
54782, 
54669, 
54880, 
54964, 
55085, 
55184, 
55314, 
55092, 
55020, 
54984, 
54934, 
54724, 
54731, 
54680, 
54856, 
54993, 
54832, 
54798, 
54865, 
55054, 
55050, 
55027, 
54993, 
54790, 
55118, 
55091, 
55227, 
55253, 
55240, 
55239, 
55237, 
54908, 
54882, 
55040, 
54705, 
54972, 
54795, 
54956, 
54804, 
54916, 
54846, 
54820, 
54827, 
54936, 
55030, 
55144, 
54981, 
54789, 
54789, 
54751, 
54911, 
55002, 
54940, 
54980, 
54882, 
54853, 
54797, 
54655, 
54443, 
54547, 
54488, 
54720, 
54771, 
54835, 
54800, 
54566, 
54687, 
54782, 
54711, 
54704, 
54779, 
54710, 
54936, 
54843, 
54816, 
54931, 
54846, 
54746, 
54599, 
54622, 
54684, 
54618, 
54644, 
54737, 
54772, 
54666, 
54801, 
54960, 
54867, 
54706, 
54714, 
54742, 
54911, 
54855, 
55003, 
54918, 
54810, 
54827, 
54837, 
54915, 
54868, 
54881, 
55080, 
55165, 
55086, 
55011, 
55086, 
54892, 
54953, 
54980, 
55168, 
54903, 
54971, 
54857, 
54637, 
54684, 
54758, 
54743, 
54544, 
54690, 
54916, 
55115, 
55073, 
55062, 
55083, 
55060, 
54985, 
54841, 
54937, 
54959, 
54978, 
54887, 
54923, 
54836, 
54784, 
54802, 
54639, 
54495, 
54651, 
54480, 
54655, 
54818, 
54961, 
55049, 
55039, 
55127, 
55123, 
55139, 
54943, 
55065, 
55123, 
55150, 
55305, 
55103, 
55110, 
55196, 
55459, 
55353, 
55425, 
55432, 
55356, 
55377, 
55295, 
55335, 
55391, 
55461, 
55355, 
55290, 
55409, 
55495, 
55238, 
55298, 
55322, 
55154, 
55236, 
55157, 
55232, 
55198, 
55011, 
55015, 
54915, 
54998, 
54964, 
54846, 
54921, 
54824, 
54741, 
54669, 
54826, 
54613, 
54691, 
54661, 
54832, 
55001, 
54883, 
54866, 
54691, 
54796, 
54865, 
54909, 
54769, 
54982, 
55067, 
55038, 
55125, 
54991, 
55122, 
55021, 
54893, 
54816, 
54963, 
55184, 
55304, 
55366, 
55298, 
55313, 
55034, 
55002, 
54867, 
54842, 
55073, 
55028, 
55131, 
55308, 
55279, 
55189, 
55197, 
55068, 
55048, 
55035, 
54918, 
55050, 
54852, 
54961, 
54984, 
54968, 
54885, 
54854, 
55107, 
54794, 
54745, 
54735, 
54875, 
54928, 
55010, 
54875, 
55035, 
55162, 
55040, 
54986, 
55015, 
55224, 
55209, 
55003, 
54746, 
54924, 
55123, 
55218, 
55071, 
55173, 
55158, 
55039, 
55216, 
55169, 
55049, 
55174, 
55336, 
55288, 
55126, 
55033, 
55213, 
55368, 
55140, 
54955, 
55068, 
55054, 
54936, 
54758, 
54603, 
54634, 
54534, 
54581, 
54771, 
54781, 
54689, 
54919, 
54937, 
54942, 
54822, 
54893, 
55055, 
54944, 
55019, 
55047, 
55042, 
54912, 
54919, 
55045, 
55011, 
55182, 
55026, 
54878, 
54963, 
55035, 
55006, 
55188, 
55383, 
55107, 
54967, 
54884, 
54995, 
55064, 
55275, 
55094, 
55132, 
55279, 
55268, 
55259, 
55332, 
55257, 
55322, 
55188, 
55160, 
55014, 
55154, 
55247, 
55152, 
54968, 
54790, 
54623, 
54794, 
54924, 
55008, 
54812, 
55001, 
55102, 
54955, 
55031, 
55227, 
54932, 
54847, 
54808, 
54740, 
54880, 
54839, 
55010, 
55034, 
54957, 
54885, 
54953, 
54979, 
54961, 
54867, 
54917, 
54919, 
54905, 
54871, 
54926, 
54795, 
54847, 
54768, 
54875, 
54854, 
55102, 
55014, 
55093, 
54890, 
54979, 
55040, 
55046, 
55260, 
55040, 
55172, 
55249, 
55066, 
55107, 
55160, 
54851, 
54986, 
54890, 
54940, 
54827, 
54943, 
54985, 
54790, 
54694, 
54767, 
54867, 
55014, 
54926, 
54737, 
54803, 
54698, 
54639, 
54607, 
54675, 
54733, 
54813, 
54589, 
54559, 
54644, 
54703, 
54633, 
54569, 
54514, 
54633, 
54580, 
54615, 
54690, 
54740, 
54682, 
54567, 
54629, 
54860, 
54898, 
54787, 
54831, 
54809, 
54896, 
54855, 
54998, 
54825, 
54880, 
54640, 
54597, 
54618, 
54714, 
54563, 
54556, 
54692, 
54818, 
54853, 
54813, 
54741, 
54753, 
54831, 
54754, 
54822, 
54924, 
55101, 
55211, 
55421, 
55302, 
55155, 
55085, 
55103, 
55370, 
55249, 
55187, 
55061, 
55046, 
54962, 
54898, 
54890, 
54876, 
55031, 
54990, 
55079, 
55107, 
54998, 
54897, 
54843, 
54855, 
54808, 
55036, 
54943, 
54800, 
54771, 
54802, 
54645, 
54616, 
54860, 
54981, 
54850, 
54842, 
54816, 
54871, 
55068, 
54889, 
54896, 
54961, 
54925, 
55050, 
54992, 
55008, 
54980, 
54838, 
54870, 
54966, 
55072, 
55078, 
55220, 
55046, 
55056, 
55063, 
55107, 
54968, 
54954, 
54860, 
55020, 
54939, 
54710, 
54625, 
54791, 
54735, 
54910, 
54809, 
54793, 
54830, 
54932, 
54961, 
55055, 
55069, 
55137, 
54934, 
55086, 
54994, 
55021, 
55118, 
54983, 
54873, 
54642, 
54942, 
54961, 
55084, 
55124, 
54931, 
54890, 
54970, 
54980, 
54913, 
54889, 
55006, 
55007, 
55003, 
55209, 
55219, 
55201, 
54931, 
54909, 
54933, 
55011, 
55021, 
55018, 
55154, 
55221, 
55289, 
55139, 
55330, 
55358, 
55500, 
55304, 
55278, 
55144, 
54949, 
55007, 
54985, 
54985, 
54935, 
55002, 
54910, 
54861, 
54844, 
54705, 
54776, 
54731, 
54581, 
54703, 
54837, 
54924, 
55066, 
55079, 
55098, 
54951, 
54945, 
54991, 
54842, 
54760, 
54658, 
54683, 
54772, 
54997, 
55013, 
55066, 
55053, 
54952, 
54924, 
54937, 
54819, 
54692, 
54697, 
54689, 
54783, 
54776, 
54655, 
54867, 
54852, 
55044, 
55260, 
55186, 
55212, 
55176, 
55060, 
54903, 
55154, 
55188, 
55080, 
55206, 
55115, 
55059, 
55095, 
55145, 
55249, 
55173, 
55059, 
55149, 
55193, 
55154, 
55288, 
55102, 
55065, 
54987, 
54998, 
55137, 
55106, 
55005, 
54769, 
54749, 
54558, 
54743, 
54744, 
54911, 
55028, 
54998, 
54739, 
54595, 
54614, 
54697, 
54753, 
54771, 
54686, 
54723, 
54580, 
54816, 
54795, 
54806, 
54570, 
54734, 
54791, 
55013, 
54963, 
55032, 
54935, 
54864, 
54928, 
55243, 
55268, 
55195, 
55249, 
55224, 
55253, 
55040, 
55045, 
55263, 
55093, 
55234, 
55059, 
54920, 
54991, 
54977, 
54845, 
54877, 
54799, 
54772, 
54539, 
54525, 
54444, 
54399, 
54637, 
54824, 
54820, 
54970, 
55132, 
55164, 
54710, 
54635, 
54791, 
54868, 
54628, 
54492, 
54656, 
54686, 
54650, 
54646, 
54780, 
54907, 
54915, 
55004, 
54847, 
54968, 
54861, 
54772, 
54749, 
54807, 
54922, 
54888, 
54651, 
54868, 
54819, 
54877, 
55144, 
54949, 
54740, 
54842, 
54674, 
54545, 
54430, 
54373, 
54650, 
54681, 
54905, 
54921, 
54968, 
54965, 
54887, 
54750, 
54770, 
54759, 
54533, 
54906, 
54868, 
54654, 
54757, 
54832, 
54884, 
54791, 
54842, 
54841, 
54865, 
54758, 
54693, 
54857, 
54980, 
55125, 
55200, 
55202, 
55327, 
55114, 
55031, 
54944, 
54835, 
55200, 
55095, 
54911, 
54919, 
54828, 
54777, 
54811, 
54783, 
54742, 
54625, 
54458, 
54592, 
54707, 
54687, 
54793, 
55069, 
54964, 
54901, 
54903, 
54928, 
54930, 
54991, 
54907, 
55012, 
54911, 
54889, 
54701, 
54735, 
54783, 
54675, 
54581, 
54749, 
54834, 
54789, 
54715, 
54606, 
54710, 
54693, 
54594, 
54533, 
54598, 
54628, 
54518, 
54487, 
54555, 
54714, 
54793, 
54917, 
54863, 
54878, 
54783, 
54875, 
54681, 
54715, 
54672, 
54846, 
54958, 
54764, 
54915, 
54967, 
54990, 
54977, 
54909, 
54768, 
54691, 
54580, 
54664, 
54807, 
54681, 
54819, 
54946, 
54978, 
54946, 
55039, 
55035, 
55172, 
55207, 
55269, 
55332, 
54835, 
54910, 
55103, 
55176, 
55080, 
54918, 
54906, 
54950, 
54830, 
54801, 
54715, 
54583, 
54526, 
54680, 
54748, 
54821, 
54921, 
54877, 
54908, 
54910, 
55036, 
54947, 
54793, 
54874, 
54804, 
54782, 
54893, 
54978, 
54989, 
55087, 
55165, 
54847, 
54974, 
54843, 
54947, 
55197, 
55242, 
55192, 
55232, 
55196, 
55334, 
55106, 
54943, 
54951, 
55059, 
55053, 
55138, 
55199, 
55176, 
55181, 
55060, 
55134, 
55136, 
55157, 
55144, 
55045, 
54974, 
54969, 
54892, 
54895, 
54966, 
55039, 
55137, 
55019, 
54760, 
54998, 
54986, 
54898, 
54917, 
54877, 
54771, 
54709, 
54919, 
54768, 
54806, 
54738, 
54806, 
54711, 
54614, 
54547, 
54530, 
54775, 
54974, 
55026, 
54933, 
54935, 
54884, 
55008, 
55033, 
55009, 
55149, 
55164, 
54928, 
54928, 
55117, 
54945, 
54944, 
55037, 
55072, 
55084, 
55022, 
54994, 
54932, 
54987, 
55213, 
55155, 
55162, 
55132, 
54921, 
55003, 
54745, 
54533, 
54519, 
54518, 
54693, 
54842, 
54806, 
55003, 
54802, 
54839, 
54867, 
54765, 
54768, 
54617, 
54581, 
54363, 
54363, 
54509, 
54461, 
54490, 
54550, 
54677, 
54778, 
54695, 
54833, 
54756, 
54835, 
54723, 
54830, 
55076, 
55066, 
55002, 
55137, 
55188, 
55228, 
55142, 
54953, 
54907, 
54923, 
54914, 
55128, 
55259, 
54852, 
54753, 
54805, 
54926, 
54753, 
54865, 
54745, 
54860, 
54777, 
54710, 
54859, 
54850, 
54760, 
54949, 
55078, 
55143, 
55201, 
55504, 
55394, 
55242, 
55301, 
55216, 
55190, 
55066, 
55045, 
55206, 
54979, 
55156, 
55069, 
55091, 
54955, 
54776, 
54742, 
54558, 
54635, 
54762, 
55030, 
55012, 
54958, 
54969, 
54891, 
54640, 
54785, 
54981, 
54922, 
54878, 
54728, 
54781, 
54969, 
54879, 
54937, 
55042, 
55057, 
55133, 
55216, 
55131, 
55175, 
55268, 
55119, 
55227, 
55162, 
55090, 
55045, 
55056, 
54812, 
54786, 
54700, 
54845, 
54726, 
54729, 
55004, 
55008, 
54931, 
55072, 
55166, 
55166, 
55107, 
55104, 
55045, 
54862, 
54868, 
54930, 
54785, 
54762, 
54692, 
54714, 
54667, 
54732, 
54944, 
55055, 
54756, 
54673, 
54797, 
54749, 
54626, 
54672, 
54702, 
54715, 
54673, 
54658, 
54754, 
54724, 
54675, 
54568, 
54698, 
54772, 
54769, 
54741, 
54557, 
54698, 
54680, 
54859, 
54819, 
54828, 
54681, 
54580, 
54491, 
54528, 
54749, 
54752, 
55030, 
55058, 
54875, 
54864, 
54703, 
54868, 
54750, 
54823, 
54755, 
54698, 
54699, 
54767, 
54887, 
54871, 
54836, 
55152, 
55007, 
55038, 
55037, 
55062, 
54989, 
55358, 
54967, 
55013, 
55026, 
54987, 
54979, 
55116, 
55192, 
55144, 
55243, 
55171, 
55167, 
55325, 
55284, 
55266, 
55228, 
55167, 
55060, 
55110, 
54960, 
54852, 
54812, 
55060, 
55366, 
55447, 
55180, 
55143, 
55110, 
55035, 
55162, 
55311, 
55353, 
55287, 
55204, 
55047, 
55065, 
54946, 
54867, 
54969, 
54855, 
55007, 
54971, 
55043, 
55139, 
55126, 
54983, 
54884, 
54861, 
54792, 
54751, 
54731, 
54788, 
54762, 
54788, 
54955, 
54956, 
55033, 
55100, 
55338, 
55176, 
55288, 
55098, 
54976, 
54706, 
54796, 
54916, 
55000, 
54969, 
54903, 
55050, 
55262, 
55171, 
55070, 
55036, 
54924, 
54888, 
55016, 
54680, 
54802, 
54921, 
55056, 
54798, 
54645, 
54597, 
54632, 
54681, 
54799, 
54829, 
54965, 
54984, 
54930, 
54935, 
54900, 
54862, 
55094, 
55151, 
54674, 
54639, 
54570, 
54411, 
54603, 
54668, 
54721, 
54780, 
54903, 
55019, 
55098, 
55146, 
55191, 
55209, 
55261, 
55115, 
55044, 
54891, 
54775, 
54631, 
54560, 
54740, 
54791, 
54917, 
54840, 
54556, 
54598, 
54795, 
54900, 
54807, 
54791, 
54935, 
54907, 
54813, 
54778, 
54750, 
54701, 
54991, 
54911, 
54807, 
54653, 
54780, 
55001, 
55019, 
55267, 
55322, 
55133, 
54768, 
54768, 
54587, 
54783, 
54779, 
54814, 
54658, 
54514, 
54764, 
54940, 
54855, 
55091, 
55025, 
54872, 
55098, 
55139, 
55111, 
54973, 
55047, 
55097, 
55156, 
55153, 
55182, 
55031, 
55148, 
55088, 
54928, 
54764, 
55082, 
54777, 
54740, 
54681, 
54645, 
54622, 
54475, 
54516, 
54390, 
54793, 
54827, 
54927, 
55044, 
54913, 
55028, 
55115, 
55155, 
55187, 
55175, 
55176, 
55299, 
55363, 
55335, 
55472, 
55293, 
55207, 
55236, 
55484, 
55496, 
55402, 
55203, 
55257, 
55020, 
55091, 
55140, 
55281, 
55150, 
55061, 
55152, 
55013, 
54941, 
54799, 
54793, 
54981, 
55057, 
54911, 
54998, 
54902, 
54933, 
54983, 
55119, 
55048, 
55090, 
55250, 
55160, 
55077, 
55098, 
54944, 
54843, 
54816, 
54915, 
55002, 
55219, 
55178, 
54837, 
54994, 
54854, 
54919, 
54774, 
54674, 
54643, 
54586, 
54520, 
54655, 
54903, 
54767, 
54743, 
54776, 
54900, 
55002, 
55082, 
54883, 
55010, 
54991, 
55269, 
55378, 
55284, 
55145, 
54999, 
55045, 
55020, 
55154, 
55043, 
55028, 
55164, 
55063, 
55081, 
55055, 
55119, 
54888, 
54812, 
54784, 
54643, 
54744, 
54582, 
54655, 
54619, 
54613, 
54492, 
54439, 
54593, 
54474, 
54469, 
54692, 
54698, 
54554, 
54676, 
54739, 
54786, 
54842, 
54915, 
54821, 
54581, 
54725, 
54773, 
54761, 
54933, 
54885, 
54921, 
54857, 
54944, 
54792, 
54873, 
54832, 
54873, 
55027, 
55140, 
54975, 
54806, 
54861, 
54867, 
54770, 
54745, 
54774, 
54505, 
54611, 
54780, 
54682, 
54653, 
54790, 
54848, 
54681, 
54790, 
54838, 
55074, 
55084, 
55277, 
55068, 
55031, 
55134, 
55181, 
54918, 
55144, 
54845, 
54925, 
55082, 
55176, 
55004, 
54873, 
54678, 
54737, 
54669, 
54709, 
54421, 
54374, 
54157, 
54296, 
54313, 
54378, 
54593, 
54651, 
54756, 
54825, 
54987, 
54897, 
54898, 
55124, 
55397, 
55258, 
55129, 
54959, 
54913, 
54902, 
54951, 
54923, 
55014, 
54790, 
54579, 
54639, 
54662, 
54736, 
54669, 
54700, 
54787, 
54967, 
54949, 
54989, 
55032, 
55073, 
54934, 
54940, 
54850, 
54858, 
54870, 
54858, 
54877, 
54907, 
55028, 
54786, 
54844, 
54646, 
54675, 
54534, 
54533, 
54588, 
54526, 
54878, 
54926, 
54945, 
54698, 
54744, 
54742, 
54776, 
54865, 
54982, 
54820, 
55048, 
54997, 
54895, 
54964, 
54836, 
54811, 
54768, 
54699, 
54692, 
54633, 
54821, 
54863, 
54949, 
54945, 
54945, 
54914, 
54783, 
54949, 
55035, 
55057, 
55249, 
55233, 
55201, 
54893, 
54839, 
54776, 
54838, 
54855, 
55077, 
55175, 
55248, 
55049, 
54883, 
54993, 
54777, 
54892, 
54895, 
54858, 
54864, 
54958, 
54917, 
54828, 
54813, 
54990, 
54971, 
54941, 
55229, 
55158, 
54993, 
55116, 
54976, 
54895, 
54731, 
54836, 
54850, 
54941, 
54803, 
54983, 
55056, 
55027, 
54864, 
54693, 
54891, 
54952, 
54806, 
54975, 
55162, 
54961, 
54757, 
54757, 
54942, 
54751, 
54789, 
54749, 
54675, 
54920, 
55000, 
54952, 
54877, 
54984, 
54860, 
55111, 
54875, 
54901, 
54852, 
54958, 
54787, 
54896, 
54787, 
54838, 
55001, 
55063, 
55215, 
55061, 
54930, 
55074, 
55019, 
54944, 
55105, 
55148, 
54888, 
54930, 
55078, 
54986, 
54781, 
54505, 
54627, 
54765, 
54660, 
54761, 
54522, 
54581, 
54541, 
54573, 
54470, 
54517, 
54575, 
54591, 
54617, 
54549, 
54593, 
54754, 
54737, 
54697, 
54840, 
55027, 
55021, 
55096, 
54976, 
54983, 
54844, 
54795, 
54855, 
54912, 
54764, 
54833, 
54759, 
54730, 
55028, 
54908, 
55100, 
55043, 
54981, 
54769, 
54819, 
54718, 
55053, 
54996, 
54918, 
54715, 
54739, 
54911, 
55009, 
54925, 
55130, 
55051, 
54896, 
54891, 
54942, 
54885, 
54844, 
54834, 
55083, 
54969, 
54796, 
54835, 
54706, 
54721, 
54791, 
54869, 
54839, 
54772, 
54750, 
54740, 
54730, 
54916, 
54988, 
54814, 
54803, 
54764, 
54902, 
54982, 
55043, 
54898, 
54794, 
54768, 
54776, 
54660, 
54642, 
54876, 
54976, 
55201, 
55123, 
54960, 
55080, 
55042, 
54964, 
54875, 
54960, 
54911, 
54869, 
54772, 
55057, 
54869, 
54877, 
54909, 
54737, 
54759, 
54783, 
54617, 
54785, 
54770, 
54776, 
54789, 
54809, 
54852, 
54772, 
54484, 
54716, 
54792, 
54733, 
54769, 
54839, 
54919, 
54864, 
54936, 
54768, 
54580, 
54524, 
54639, 
54990, 
54906, 
54841, 
54861, 
54833, 
54929, 
54793, 
54787, 
54809, 
54828, 
54786, 
54629, 
54885, 
54792, 
54591, 
54688, 
54757, 
54635, 
54784, 
54936, 
55028, 
54784, 
54845, 
54755, 
54806, 
54741, 
54756, 
54813, 
54741, 
54906, 
54735, 
54711, 
54870, 
55038, 
54854, 
55012, 
55045, 
54992, 
55024, 
55019, 
54994, 
54954, 
54837, 
54841, 
54841, 
55045, 
55043, 
54991, 
54863, 
55095, 
55010, 
54915, 
54663, 
54595, 
54461, 
54784, 
54897, 
54866, 
54762, 
54711, 
54614, 
54708, 
54816, 
54990, 
54876, 
55005, 
54876, 
55003, 
55099, 
55202, 
55263, 
55227, 
55331, 
55385, 
55400, 
55273, 
55053, 
55154, 
55124, 
55075, 
55061, 
55086, 
55020, 
55097, 
55176, 
55169, 
55174, 
55307, 
55207, 
55346, 
55452, 
55555, 
55421, 
55161, 
55107, 
55126, 
55168, 
55165, 
55065, 
54925, 
54791, 
55022, 
55061, 
55082, 
55196, 
55122, 
55117, 
55045, 
54990, 
54889, 
54864, 
54848, 
54766, 
54825, 
55055, 
54994, 
54979, 
54942, 
54953, 
55037, 
54814, 
54943, 
54845, 
55025, 
54971, 
54950, 
54998, 
55050, 
55111, 
55045, 
55268, 
55075, 
54998, 
54971, 
55079, 
54800, 
54733, 
54721, 
54801, 
54857, 
55070, 
55036, 
55169, 
55244, 
55130, 
55266, 
55105, 
55179, 
55444, 
55338, 
55255, 
55203, 
55272, 
55100, 
54748, 
54777, 
54928, 
54797, 
54606, 
54602, 
54597, 
54589, 
54674, 
54786, 
54735, 
54678, 
54614, 
54564, 
54639, 
54745, 
54599, 
54614, 
54568, 
54607, 
54647, 
54583, 
54550, 
54725, 
54660, 
54708, 
54769, 
54906, 
54947, 
55067, 
54951, 
55021, 
54919, 
54865, 
54831, 
54948, 
54904, 
54925, 
54972, 
55067, 
55079, 
54756, 
54954, 
55250, 
54961, 
54833, 
54847, 
54733, 
54929, 
54891, 
54750, 
54784, 
54782, 
54898, 
55043, 
54935, 
54930, 
54993, 
55011, 
55094, 
54872, 
55008, 
55003, 
55023, 
54999, 
54959, 
54970, 
54905, 
54930, 
55066, 
55052, 
54813, 
54816, 
54657, 
54803, 
55037, 
54797, 
54791, 
54703, 
54862, 
54723, 
54661, 
54926, 
55050, 
54987, 
54823, 
54571, 
54571, 
54689, 
55151, 
54882, 
55096, 
55028, 
55026, 
54923, 
54862, 
55030, 
54943, 
55065, 
54892, 
55019, 
54962, 
54840, 
55063, 
55057, 
54888, 
54825, 
54773, 
54887, 
54848, 
54917, 
54897, 
54839, 
54810, 
54589, 
54627, 
54656, 
54819, 
54703, 
54751, 
54752, 
54759, 
54659, 
54709, 
54759, 
54690, 
54540, 
54573, 
54746, 
54959, 
54775, 
54657, 
54667, 
54414, 
54483, 
54623, 
54776, 
54963, 
55044, 
55057, 
55049, 
54934, 
54977, 
55037, 
54952, 
55049, 
55081, 
55234, 
55264, 
55217, 
55073, 
54817, 
54777, 
55058, 
54900, 
54630, 
54598, 
54796, 
54826, 
54794, 
54782, 
54960, 
54837, 
54827, 
54909, 
54833, 
54936, 
55035, 
55084, 
54966, 
54960, 
55028, 
54782, 
54809, 
54646, 
54749, 
54802, 
54955, 
54906, 
54908, 
55098, 
55010, 
55083, 
55114, 
55095, 
55295, 
55249, 
55259, 
55492, 
55502, 
55166, 
54975, 
54859, 
54624, 
54841, 
54729, 
54845, 
54825, 
54817, 
54950, 
54868, 
54805, 
54829, 
54959, 
54875, 
54815, 
54937, 
54875, 
54894, 
54981, 
54986, 
55067, 
55019, 
55177, 
54973, 
54983, 
54859, 
54895, 
54760, 
54568, 
54727, 
54836, 
55091, 
55110, 
55056, 
54920, 
55076, 
55008, 
55054, 
55250, 
55079, 
55061, 
55131, 
55023, 
55151, 
55405, 
55185, 
55076, 
54965, 
54882, 
55029, 
55132, 
55329, 
55379, 
55226, 
55083, 
54855, 
54714, 
54788, 
54823, 
54949, 
54871, 
54909, 
54948, 
55210, 
55091, 
55115, 
55233, 
55016, 
54914, 
55127, 
55242, 
55471, 
55311, 
55471, 
55131, 
55014, 
54905, 
54908, 
54930, 
54905, 
54881, 
54945, 
55050, 
55002, 
54947, 
54846, 
55037, 
54952, 
54906, 
54858, 
54774, 
54699, 
54618, 
54923, 
54855, 
54750, 
54846, 
55072, 
54771, 
54675, 
54735, 
54847, 
54761, 
54671, 
54728, 
54828, 
54970, 
54960, 
54988, 
55105, 
55130, 
55020, 
54940, 
54992, 
55250, 
55213, 
55057, 
55080, 
55085, 
55075, 
55042, 
54844, 
54939, 
54796, 
54848, 
54994, 
54805, 
54815, 
54792, 
54801, 
54809, 
54816, 
55035, 
55146, 
54963, 
54994, 
54802, 
54564, 
54660, 
54838, 
54681, 
54719, 
54427, 
54185, 
54125, 
54255, 
54320, 
54281, 
54360, 
54547, 
54645, 
54640, 
54622, 
54754, 
54767, 
54837, 
54780, 
54864, 
54967, 
54927, 
54826, 
54935, 
55036, 
54847, 
54585, 
54428, 
54477, 
54595, 
54783, 
54630, 
54707, 
54735, 
54610, 
54773, 
54788, 
54901, 
54827, 
54859, 
54854, 
54824, 
54802, 
54657, 
54665, 
54739, 
54485, 
54540, 
54604, 
54715, 
54753, 
54672, 
55079, 
54960, 
54877, 
54840, 
54967, 
54979, 
54938, 
55076, 
55061, 
55306, 
55218, 
55067, 
55105, 
55045, 
54889, 
54904, 
54890, 
54941, 
54855, 
54880, 
54967, 
55097, 
54941, 
55007, 
54937, 
54979, 
55067, 
55139, 
55057, 
54951, 
54808, 
54694, 
54750, 
55079, 
54985, 
55181, 
55139, 
55251, 
55156, 
55399, 
55426, 
55194, 
54987, 
55008, 
54894, 
54976, 
54903, 
55005, 
54940, 
54990, 
54725, 
54799, 
54830, 
54896, 
54793, 
54742, 
54679, 
54701, 
54880, 
54911, 
54823, 
55083, 
55021, 
54870, 
54820, 
54894, 
54732, 
54671, 
54680, 
54613, 
54705, 
54875, 
54872, 
54841, 
54766, 
54795, 
54785, 
54824, 
54686, 
54763, 
54761, 
54710, 
54713, 
54770, 
54683, 
54502, 
54781, 
54985, 
54822, 
54755, 
54854, 
54751, 
54800, 
55091, 
55163, 
55247, 
55194, 
55267, 
55323, 
55305, 
55439, 
55491, 
55355, 
55187, 
55180, 
54996, 
55163, 
55358, 
55330, 
55319, 
54928, 
54835, 
54792, 
54662, 
54805, 
54875, 
54854, 
54793, 
54674, 
54788, 
54704, 
54771, 
54869, 
54847, 
54923, 
54847, 
54786, 
54857, 
55019, 
55058, 
55253, 
55096, 
55302, 
55168, 
55074, 
55062, 
54827, 
54697, 
54613, 
54651, 
54488, 
54465, 
54807, 
54690, 
54727, 
54812, 
54722, 
54642, 
54519, 
54415, 
54506, 
54496, 
54492, 
54487, 
54597, 
54508, 
54495, 
54631, 
54575, 
54682, 
54686, 
54754, 
54844, 
54732, 
54815, 
55057, 
55229, 
55104, 
54908, 
54838, 
55138, 
55072, 
55179, 
55247, 
55063, 
54978, 
54929, 
54978, 
55148, 
54969, 
55006, 
54993, 
55018, 
55096, 
54915, 
55073, 
54983, 
55104, 
55118, 
55293, 
55237, 
55371, 
55354, 
55300, 
55344, 
55283, 
55144, 
54922, 
54913, 
54887, 
54629, 
54785, 
54840, 
54580, 
54623, 
54570, 
54504, 
54439, 
54600, 
54526, 
54617, 
54738, 
54747, 
54990, 
55114, 
54955, 
54953, 
55023, 
54896, 
54903, 
54930, 
55002, 
55112, 
54875, 
54792, 
54913, 
54968, 
54928, 
54756, 
54855, 
54797, 
54725, 
54738, 
54799, 
54705, 
54706, 
54447, 
54557, 
54697, 
54633, 
54586, 
54570, 
54922, 
54870, 
54867, 
55052, 
55265, 
55519, 
55488, 
55543, 
55299, 
55165, 
54942, 
54942, 
54916, 
54866, 
54706, 
54517, 
54608, 
54515, 
54490, 
54602, 
54621, 
54841, 
54679, 
54542, 
54650, 
54754, 
54705, 
54732, 
54771, 
54758, 
54897, 
55048, 
55097, 
54979, 
55158, 
55033, 
55183, 
55173, 
55312, 
55450, 
55332, 
55249, 
55275, 
55020, 
55107, 
55040, 
55059, 
54946, 
54559, 
54622, 
54765, 
54600, 
54609, 
54569, 
54645, 
54496, 
54714, 
54779, 
54793, 
54936, 
54734, 
54649, 
54762, 
54720, 
54692, 
54888, 
54834, 
54715, 
54896, 
54908, 
54968, 
54878, 
54856, 
54630, 
54791, 
54676, 
54526, 
54610, 
54614, 
54581, 
54678, 
54799, 
54641, 
54594, 
54718, 
54622, 
54671, 
54481, 
54620, 
54768, 
54631, 
54514, 
54641, 
54549, 
54682, 
54902, 
54797, 
54877, 
54947, 
55074, 
55120, 
54995, 
54914, 
55149, 
55308, 
55204, 
54996, 
54990, 
55048, 
54938, 
54771, 
54606, 
54845, 
54902, 
54848, 
54910, 
54836, 
54779, 
54677, 
54754, 
54846, 
55038, 
54979, 
54775, 
54685, 
54405, 
54312, 
54333, 
54149, 
54569, 
54689, 
54871, 
54825, 
54984, 
54902, 
54988, 
54874, 
55020, 
54947, 
55036, 
54953, 
55134, 
54878, 
54745, 
54774, 
54953, 
55022, 
55068, 
55047, 
55022, 
55034, 
54991, 
55109, 
54959, 
54936, 
54909, 
54797, 
54769, 
54644, 
54679, 
54660, 
54812, 
54655, 
55043, 
54801, 
54824, 
54824, 
54860, 
54796, 
54822, 
54591, 
54700, 
54954, 
54750, 
54880, 
54913, 
55006, 
54969, 
54841, 
54960, 
54914, 
54737, 
54539, 
54675, 
54789, 
54808, 
54604, 
54706, 
54690, 
54819, 
55015, 
55007, 
54862, 
54945, 
54811, 
54882, 
54766, 
54834, 
54827, 
54892, 
54828, 
54772, 
54799, 
54990, 
55086, 
55065, 
55148, 
55171, 
55031, 
55100, 
55026, 
55034, 
54786, 
54844, 
54900, 
54964, 
54945, 
54711, 
54533, 
54539, 
54406, 
54367, 
54626, 
54837, 
54849, 
55027, 
54791, 
54660, 
54632, 
54732, 
54604, 
54897, 
54908, 
54755, 
54870, 
54809, 
54803, 
54670, 
54586, 
54571, 
54745, 
54992, 
54844, 
54877, 
54733, 
54863, 
54961, 
54776, 
54794, 
54777, 
54834, 
54929, 
54850, 
54981, 
55133, 
55229, 
55313, 
55447, 
55423, 
55547, 
55475, 
55153, 
55037, 
54874, 
55052, 
54963, 
54995, 
55012, 
54698, 
54734, 
54679, 
54895, 
54967, 
54782, 
54718, 
54830, 
55054, 
54953, 
54813, 
54734, 
54780, 
54711, 
54589, 
54727, 
54868, 
55014, 
55154, 
55298, 
55185, 
55143, 
55173, 
55103, 
55010, 
55070, 
55002, 
55067, 
55076, 
54807, 
54665, 
54765, 
55031, 
55172, 
54990, 
55023, 
54790, 
54852, 
54592, 
54605, 
54614, 
54693, 
54700, 
54833, 
54915, 
54848, 
55041, 
55027, 
54974, 
55196, 
55115, 
54868, 
54774, 
54824, 
54857, 
54868, 
55063, 
54920, 
54881, 
54910, 
54881, 
54784, 
55026, 
54974, 
55083, 
55226, 
55406, 
55286, 
55184, 
55041, 
54921, 
55058, 
55071, 
55102, 
55112, 
55001, 
55109, 
55128, 
55125, 
55057, 
55061, 
55085, 
55132, 
55188, 
55290, 
55387, 
55233, 
54977, 
54728, 
54898, 
55001, 
55172, 
55265, 
55266, 
55040, 
55075, 
54920, 
54883, 
54881, 
55015, 
55066, 
54873, 
55047, 
54936, 
54976, 
54911, 
54869, 
54946, 
54866, 
55137, 
55058, 
55144, 
54977, 
55052, 
55041, 
54912, 
54923, 
54974, 
55071, 
54961, 
54965, 
54901, 
54971, 
54991, 
54944, 
54850, 
54939, 
54756, 
54653, 
54655, 
54852, 
54868, 
55118, 
54992, 
54874, 
55004, 
54899, 
55006, 
55137, 
54980, 
55005, 
55127, 
55148, 
55124, 
54961, 
54930, 
55040, 
55101, 
54975, 
55045, 
55105, 
54892, 
54723, 
54676, 
54842, 
55042, 
55016, 
54809, 
54709, 
54828, 
54668, 
54924, 
55061, 
54851, 
54833, 
54614, 
54507, 
54482, 
54515, 
54641, 
54835, 
54946, 
54811, 
55092, 
55063, 
55008, 
54994, 
54897, 
54899, 
54841, 
54862, 
54963, 
55020, 
55039, 
55012, 
54979, 
54806, 
54983, 
55002, 
54990, 
55109, 
55050, 
54988, 
54970, 
55159, 
55089, 
55177, 
55060, 
55191, 
55029, 
54987, 
54926, 
54681, 
54720, 
54660, 
54694, 
54785, 
54635, 
54657, 
54862, 
54807, 
54821, 
54813, 
54797, 
54723, 
54586, 
54718, 
54884, 
54753, 
54822, 
54814, 
54824, 
54883, 
54848, 
54857, 
54695, 
54683, 
54941, 
55017, 
54999, 
54871, 
54835, 
54867, 
54757, 
54729, 
54493, 
54440, 
54523, 
54621, 
54516, 
54515, 
54799, 
54892, 
55085, 
55076, 
55169, 
55225, 
55211, 
54929, 
54844, 
54827, 
54806, 
54855, 
54845, 
54827, 
54930, 
54838, 
54749, 
54761, 
54816, 
54802, 
54737, 
54605, 
54508, 
54540, 
54843, 
54998, 
54863, 
54997, 
54597, 
54698, 
54746, 
54816, 
54918, 
54822, 
55086, 
55043, 
55096, 
54946, 
54831, 
54814, 
54971, 
54797, 
54861, 
54782, 
55057, 
55170, 
55063, 
55093, 
55220, 
55375, 
55193, 
55115, 
54987, 
54992, 
54867, 
54795, 
54836, 
54931, 
54754, 
54778, 
54727, 
54763, 
54852, 
54927, 
54795, 
55002, 
54884, 
54997, 
55032, 
54903, 
54778, 
54986, 
55044, 
55122, 
55088, 
55074, 
55087, 
55043, 
54908, 
54901, 
54806, 
54644, 
54490, 
54661, 
54674, 
54664, 
54796, 
54913, 
55022, 
55127, 
55038, 
54889, 
54808, 
54845, 
54766, 
54538, 
54579, 
54527, 
54528, 
54654, 
54724, 
54681, 
54749, 
54695, 
54807, 
54803, 
54857, 
54949, 
54937, 
54895, 
54890, 
54963, 
55010, 
55070, 
55187, 
55074, 
54994, 
55005, 
54745, 
54740, 
54746, 
54905, 
54828, 
54834, 
54873, 
54645, 
54617, 
54605, 
54727, 
54645, 
54644, 
54693, 
55038, 
55017, 
54929, 
54980, 
55050, 
54999, 
55066, 
54985, 
55029, 
55242, 
55081, 
55054, 
55095, 
55027, 
55018, 
55136, 
55261, 
55051, 
54889, 
54712, 
54627, 
54386, 
54394, 
54505, 
54488, 
54354, 
54415, 
54465, 
54376, 
54337, 
54598, 
54752, 
54671, 
54756, 
54819, 
54905, 
54997, 
54978, 
54977, 
55208, 
55024, 
54911, 
54800, 
54760, 
55024, 
55045, 
55090, 
55195, 
55179, 
55011, 
54874, 
54898, 
54948, 
54888, 
54934, 
55068, 
54866, 
54825, 
54716, 
54873, 
54888, 
55138, 
55270, 
54977, 
55026, 
54985, 
54751, 
54860, 
54700, 
54756, 
54912, 
54748, 
54873, 
55012, 
55066, 
55078, 
54991, 
55043, 
55094, 
54888, 
54973, 
55029, 
54959, 
54998, 
55217, 
55046, 
55139, 
55123, 
55102, 
55242, 
55389, 
55187, 
55288, 
55230, 
55188, 
55099, 
55144, 
55267, 
55119, 
54805, 
54698, 
54652, 
54776, 
54829, 
54824, 
54693, 
54854, 
55009, 
54951, 
54919, 
55006, 
54923, 
54784, 
54741, 
54914, 
54759, 
54953, 
55061, 
54998, 
54692, 
54745, 
54736, 
54850, 
54760, 
54626, 
54555, 
54627, 
54675, 
54666, 
54649, 
54604, 
54527, 
54607, 
54601, 
54322, 
54359, 
54387, 
54547, 
54711, 
54533, 
54500, 
54346, 
54400, 
54468, 
54650, 
54694, 
54978, 
54931, 
55029, 
55017, 
55030, 
54564, 
54499, 
54597, 
54834, 
54855, 
55077, 
55164, 
55176, 
55313, 
55309, 
55351, 
55368, 
55377, 
55344, 
55232, 
55116, 
55106, 
55103, 
55031, 
55092, 
55112, 
55181, 
55282, 
55275, 
55325, 
55079, 
54918, 
54759, 
54892, 
54875, 
55082, 
54977, 
54932, 
54921, 
54891, 
54695, 
54632, 
54643, 
54772, 
54844, 
54840, 
54725, 
54691, 
54888, 
55101, 
55050, 
54983, 
54951, 
54985, 
55040, 
54988, 
54781, 
54822, 
54944, 
55042, 
54953, 
54764, 
54846, 
55074, 
55132, 
55129, 
55063, 
54960, 
54901, 
54792, 
54641, 
54702, 
54767, 
54718, 
54696, 
54922, 
54792, 
54934, 
54902, 
55006, 
55185, 
55037, 
54889, 
55039, 
55045, 
55187, 
55162, 
55117, 
55106, 
54944, 
55089, 
55265, 
55407, 
55271, 
55241, 
54963, 
55002, 
54886, 
54901, 
54850, 
54928, 
54909, 
54709, 
54560, 
54547, 
54588, 
54793, 
54857, 
54727, 
54965, 
55015, 
54985, 
55027, 
54995, 
54980, 
55047, 
54777, 
54615, 
54826, 
55048, 
55024, 
55004, 
54820, 
54503, 
54594, 
54658, 
54684, 
54995, 
54926, 
55071, 
54967, 
54934, 
55075, 
54795, 
54938, 
54813, 
54786, 
54854, 
54956, 
55044, 
55054, 
54917, 
54912, 
54999, 
55120, 
55028, 
54847, 
54707, 
54909, 
54968, 
54991, 
54992, 
55036, 
54955, 
55012, 
55013, 
55068, 
55044, 
54902, 
54949, 
54905, 
54953, 
54956, 
54858, 
54990, 
55143, 
55132, 
55094, 
54983, 
54894, 
55021, 
55105, 
55178, 
55117, 
55095, 
55172, 
54963, 
54813, 
54885, 
54817, 
54701, 
54889, 
54900, 
54907, 
54965, 
55067, 
55124, 
54923, 
54668, 
54683, 
54670, 
54791, 
55127, 
54968, 
55071, 
55087, 
55069, 
54797, 
54752, 
54563, 
54697, 
54740, 
54741, 
54862, 
54810, 
54872, 
54916, 
54997, 
55027, 
54909, 
54876, 
54726, 
54747, 
54877, 
54779, 
54776, 
54798, 
54750, 
54751, 
54839, 
54983, 
54927, 
54825, 
54841, 
54815, 
54689, 
54721, 
54744, 
54782, 
54648, 
54503, 
54628, 
54699, 
54938, 
54936, 
55060, 
55181, 
55067, 
55012, 
55226, 
55238, 
55000, 
54973, 
54814, 
54895, 
54879, 
54968, 
54902, 
54890, 
54951, 
54933, 
54977, 
54991, 
54860, 
54840, 
54893, 
55044, 
55114, 
54878, 
55133, 
55211, 
55004, 
54953, 
55135, 
55206, 
54874, 
54802, 
54781, 
54778, 
54786, 
54775, 
54877, 
55090, 
55108, 
55061, 
55194, 
55246, 
55160, 
55023, 
55065, 
55023, 
54949, 
55220, 
55263, 
55089, 
55068, 
54903, 
54879, 
54866, 
55087, 
54904, 
54928, 
55015, 
54994, 
54988, 
55003, 
55161, 
55221, 
55217, 
55170, 
55371, 
55216, 
54942, 
55078, 
55255, 
55235, 
55140, 
55200, 
55159, 
55136, 
55184, 
55099, 
54968, 
54844, 
54898, 
54981, 
54875, 
54911, 
55083, 
54884, 
54905, 
54929, 
54952, 
54998, 
54864, 
54807, 
54823, 
54716, 
54725, 
54985, 
54897, 
54683, 
54842, 
54898, 
55085, 
54987, 
55016, 
55045, 
54921, 
55004, 
55146, 
55206, 
55408, 
55340, 
55154, 
55266, 
55228, 
54930, 
54995, 
54844, 
54758, 
54639, 
54753, 
54889, 
54748, 
54623, 
54574, 
54584, 
54691, 
54582, 
54716, 
54876, 
54887, 
55074, 
54980, 
55039, 
54938, 
54969, 
54931, 
54851, 
54802, 
54733, 
54849, 
55019, 
54966, 
55018, 
55016, 
54925, 
54539, 
54480, 
54413, 
54370, 
54567, 
54856, 
54681, 
54532, 
54552, 
54557, 
54563, 
54508, 
54488, 
54431, 
54506, 
54619, 
54557, 
54670, 
54595, 
54550, 
54565, 
54859, 
54796, 
54889, 
54983, 
54908, 
54969, 
54902, 
54942, 
54877, 
54790, 
54795, 
54737, 
54940, 
54940, 
55026, 
54846, 
54966, 
55083, 
55055, 
54937, 
54891, 
54824, 
54972, 
54953, 
54998, 
55150, 
55173, 
55080, 
54905, 
54908, 
54811, 
54609, 
54781, 
54940, 
55022, 
54949, 
55082, 
55068, 
54942, 
55096, 
55033, 
55149, 
55010, 
54918, 
54991, 
54828, 
54865, 
54744, 
54846, 
55046, 
55075, 
55041, 
55273, 
55228, 
55352, 
55088, 
55194, 
55082, 
54933, 
54895, 
55147, 
55163, 
55030, 
54976, 
55019, 
54959, 
55135, 
55030, 
55107, 
54743, 
54800, 
54761, 
54677, 
54700, 
54526, 
54529, 
54677, 
54665, 
54798, 
54795, 
54884, 
54942, 
54727, 
54658, 
54612, 
54928, 
54938, 
54742, 
54703, 
54848, 
55076, 
55062, 
55139, 
54966, 
55052, 
55057, 
54791, 
54903, 
54884, 
54941, 
54698, 
54734, 
54876, 
54695, 
54841, 
54948, 
55174, 
55363, 
55316, 
55252, 
55029, 
54937, 
54899, 
54935, 
54928, 
54883, 
54902, 
54926, 
54942, 
54965, 
54959, 
54918, 
55054, 
55214, 
55388, 
55102, 
55058, 
54959, 
54886, 
54781, 
54716, 
54853, 
54872, 
54753, 
54654, 
54681, 
54639, 
54793, 
55024, 
54827, 
55100, 
55031, 
54880, 
54962, 
55037, 
54896, 
54908, 
54858, 
55051, 
54964, 
55179, 
55100, 
54979, 
55032, 
55031, 
54787, 
54869, 
54849, 
54785, 
55161, 
55409, 
55248, 
55222, 
55114, 
55047, 
54997, 
54915, 
55131, 
55085, 
55008, 
55060, 
55054, 
55066, 
55211, 
55249, 
55340, 
55211, 
55272, 
55091, 
54936, 
54976, 
54798, 
54775, 
54693, 
54733, 
54909, 
55094, 
55039, 
55021, 
54939, 
54896, 
54826, 
54752, 
54880, 
54649, 
54833, 
54762, 
54772, 
54682, 
54749, 
54738, 
54868, 
54809, 
54787, 
54856, 
54701, 
54664, 
54952, 
55031, 
54923, 
54879, 
54939, 
54852, 
54766, 
54748, 
54737, 
54917, 
55044, 
55083, 
55027, 
55164, 
55084, 
54929, 
54748, 
54909, 
54879, 
54719, 
54961, 
54752, 
54755, 
54861, 
54997, 
54966, 
55001, 
54913, 
54832, 
55113, 
55159, 
55072, 
55254, 
55229, 
55207, 
55192, 
55204, 
55034, 
54976, 
54790, 
54693, 
54783, 
54763, 
54934, 
55013, 
54908, 
54866, 
54981, 
54917, 
54828, 
54958, 
54787, 
55075, 
55068, 
54827, 
54652, 
54935, 
54852, 
54708, 
54712, 
54685, 
54711, 
54845, 
54891, 
54769, 
54527, 
54585, 
54648, 
54820, 
54776, 
54707, 
54659, 
54646, 
54904, 
54766, 
54789, 
54658, 
54727, 
54681, 
54695, 
54817, 
55058, 
55049, 
55170, 
55302, 
55297, 
55203, 
55005, 
55119, 
55010, 
55162, 
55221, 
55312, 
55272, 
55269, 
55221, 
54988, 
54921, 
54977, 
54955, 
55089, 
54966, 
54984, 
54933, 
54894, 
55000, 
54876, 
54835, 
54900, 
54746, 
54899, 
54971, 
54709, 
54783, 
54940, 
54920, 
54914, 
54959, 
55050, 
55013, 
54970, 
54911, 
54993, 
55087, 
54954, 
55174, 
55431, 
55476, 
55269, 
55009, 
54949, 
54932, 
54856, 
54446, 
54542, 
54698, 
54910, 
54925, 
54660, 
54684, 
54861, 
54761, 
54846, 
54709, 
54650, 
54741, 
54912, 
54891, 
54616, 
54660, 
54770, 
54922, 
54792, 
54850, 
54844, 
54918, 
54866, 
54827, 
54785, 
54870, 
54865, 
54729, 
54760, 
54785, 
54723, 
54836, 
54735, 
54861, 
54841, 
54767, 
54652, 
54603, 
54621, 
54777, 
54895, 
54864, 
54964, 
54858, 
54903, 
54947, 
54970, 
54927, 
55100, 
55198, 
55269, 
55217, 
55264, 
55088, 
55075, 
54926, 
54696, 
54901, 
54986, 
54934, 
54860, 
54875, 
55022, 
54882, 
54855, 
54893, 
54967, 
54767, 
54780, 
54687, 
54651, 
54923, 
54914, 
54935, 
54986, 
54796, 
54843, 
55004, 
55007, 
54980, 
54957, 
55142, 
54895, 
55059, 
55071, 
55036, 
54899, 
54693, 
54864, 
54978, 
55023, 
55046, 
54884, 
54800, 
54957, 
54846, 
54813, 
54887, 
54754, 
54827, 
54944, 
54649, 
54864, 
54881, 
54816, 
54876, 
55043, 
55009, 
55028, 
55083, 
54955, 
54884, 
54802, 
54802, 
54810, 
54715, 
54907, 
54846, 
54858, 
54939, 
54888, 
55033, 
55180, 
55206, 
54989, 
54904, 
55048, 
55204, 
55026, 
54777, 
54779, 
54705, 
54766, 
54593, 
54499, 
54496, 
54523, 
54626, 
54721, 
54917, 
54833, 
54759, 
54778, 
54795, 
54817, 
54816, 
54700, 
54790, 
54688, 
54704, 
54664, 
54795, 
54866, 
55016, 
54976, 
54911, 
54732, 
54586, 
54456, 
54532, 
54805, 
54924, 
55026, 
54764, 
54922, 
54870, 
54923, 
54827, 
54837, 
54760, 
54855, 
54792, 
54720, 
54558, 
54588, 
54713, 
54762, 
54888, 
55037, 
55061, 
54986, 
54830, 
54884, 
54906, 
54874, 
54833, 
55049, 
55073, 
55181, 
55245, 
55109, 
55076, 
55304, 
55174, 
55209, 
55264, 
55245, 
55038, 
55019, 
54958, 
55193, 
55180, 
55149, 
55054, 
55070, 
55132, 
54984, 
54958, 
54797, 
54854, 
55079, 
55095, 
54872, 
54959, 
55115, 
55052, 
54919, 
54877, 
55027, 
55021, 
54923, 
54902, 
54955, 
55084, 
55007, 
54939, 
54990, 
54913, 
55190, 
55250, 
55272, 
55044, 
55095, 
54983, 
54855, 
54950, 
54926, 
54784, 
54459, 
54449, 
54500, 
54582, 
54681, 
54729, 
54667, 
54710, 
54686, 
54860, 
54806, 
54767, 
54857, 
54979, 
54913, 
55022, 
55096, 
55243, 
55122, 
55005, 
54976, 
54975, 
54810, 
54709, 
54904, 
54899, 
54959, 
55000, 
54966, 
54825, 
54837, 
55115, 
55068, 
55294, 
55155, 
55205, 
55089, 
55158, 
55110, 
54942, 
54958, 
55073, 
55117, 
55205, 
55104, 
55232, 
55174, 
55319, 
55247, 
55075, 
55015, 
55074, 
55068, 
55007, 
54970, 
55127, 
55412, 
55306, 
55358, 
55286, 
55152, 
55086, 
54989, 
55206, 
55036, 
55165, 
55133, 
54989, 
55029, 
54867, 
54809, 
54578, 
54730, 
54688, 
54512, 
54688, 
54598, 
54796, 
54978, 
55081, 
55105, 
54916, 
54747, 
54700, 
54664, 
54802, 
54657, 
54623, 
54540, 
54729, 
54743, 
54790, 
54700, 
54728, 
54733, 
54901, 
55043, 
55120, 
54876, 
55025, 
54913, 
54863, 
54951, 
54841, 
54843, 
54914, 
54887, 
55048, 
54933, 
54657, 
54626, 
54492, 
54705, 
54885, 
54802, 
54912, 
54798, 
54857, 
55012, 
54833, 
55045, 
55095, 
55057, 
54840, 
54980, 
55037, 
54976, 
54778, 
54863, 
54703, 
54784, 
54672, 
54646, 
54503, 
54468, 
54519, 
54550, 
54720, 
54623, 
54515, 
54511, 
54599, 
54607, 
54632, 
54518, 
54609, 
54583, 
54532, 
54418, 
54482, 
54397, 
54596, 
54614, 
54665, 
54597, 
54771, 
54968, 
55054, 
55164, 
55110, 
55256, 
55453, 
55354, 
55283, 
55239, 
55330, 
55156, 
55085, 
54979, 
54883, 
54928, 
54966, 
54993, 
55258, 
55305, 
55182, 
55007, 
55181, 
54957, 
54923, 
54860, 
54939, 
54739, 
54851, 
54824, 
55080, 
54955, 
54908, 
55145, 
55292, 
55262, 
55275, 
55208, 
55187, 
55158, 
54967, 
54704, 
54586, 
54521, 
54581, 
54579, 
54545, 
54578, 
54916, 
55007, 
54865, 
54845, 
54921, 
54973, 
54783, 
54751, 
54873, 
54761, 
54566, 
54593, 
54787, 
54761, 
54749, 
54868, 
54641, 
54500, 
54431, 
54339, 
54370, 
54384, 
54275, 
54431, 
54552, 
54561, 
54654, 
54632, 
54605, 
54669, 
54657, 
54801, 
54703, 
54602, 
54905, 
54767, 
54630, 
54927, 
54825, 
55032, 
54882, 
54724, 
54683, 
54819, 
54759, 
54884, 
54944, 
54951, 
54977, 
54843, 
54831, 
54863, 
54849, 
54935, 
55010, 
54904, 
55122, 
55156, 
55223, 
55213, 
55130, 
54880, 
54995, 
54876, 
54781, 
54577, 
54568, 
54687, 
54759, 
54827, 
54846, 
55112, 
55042, 
55012, 
54880, 
54828, 
54802, 
54881, 
54637, 
54728, 
54644, 
54685, 
54802, 
54758, 
54753, 
54744, 
54778, 
54709, 
54731, 
54779, 
54862, 
55062, 
55118, 
55209, 
55073, 
55064, 
55060, 
55037, 
54881, 
54893, 
54882, 
54918, 
54974, 
55139, 
55134, 
55121, 
55003, 
54876, 
54841, 
54805, 
54905, 
54904, 
54957, 
54872, 
54885, 
54777, 
54696, 
54719, 
54604, 
54595, 
54482, 
54495, 
54612, 
54603, 
54696, 
54734, 
54924, 
54974, 
54986, 
54980, 
55050, 
55067, 
55019, 
55138, 
54974, 
54831, 
54861, 
55208, 
54982, 
54937, 
54988, 
54789, 
54896, 
54753, 
54783, 
54495, 
54326, 
54247, 
54272, 
54478, 
54695, 
54881, 
54785, 
54595, 
54764, 
54803, 
54907, 
55043, 
54832, 
54621, 
54540, 
54636, 
54714, 
54871, 
54729, 
54684, 
54652, 
54690, 
54720, 
54757, 
54798, 
54775, 
54963, 
55045, 
54966, 
54849, 
54758, 
54841, 
54687, 
54914, 
54909, 
54986, 
55052, 
54882, 
55108, 
55118, 
55053, 
54977, 
55033, 
55049, 
54831, 
54866, 
54891, 
54939, 
54965, 
54925, 
54979, 
54979, 
54865, 
54923, 
55065, 
55085, 
55100, 
55127, 
55045, 
54948, 
54955, 
55226, 
55256, 
55152, 
54924, 
54848, 
54994, 
54856, 
54763, 
54609, 
54879, 
54801, 
54980, 
54827, 
54677, 
54573, 
54700, 
54893, 
54755, 
54726, 
54636, 
54724, 
54783, 
55023, 
54904, 
54916, 
54969, 
54964, 
55084, 
55107, 
54942, 
55132, 
55239, 
55283, 
55336, 
55130, 
55304, 
55127, 
55314, 
55154, 
55038, 
54792, 
54765, 
54712, 
54772, 
54821, 
54863, 
54949, 
54951, 
54923, 
54850, 
54931, 
54934, 
54854, 
54501, 
54688, 
54604, 
54744, 
54732, 
54551, 
54764, 
54934, 
55032, 
55269, 
54918, 
54859, 
54789, 
54766, 
55099, 
55193, 
55178, 
55165, 
55122, 
55084, 
55112, 
55100, 
55030, 
55075, 
55052, 
55208, 
55152, 
55013, 
55116, 
55224, 
55093, 
54886, 
54867, 
54848, 
55072, 
54789, 
54725, 
55039, 
55031, 
55255, 
55242, 
55045, 
54902, 
55027, 
55117, 
55130, 
54942, 
55119, 
55111, 
55109, 
55085, 
55122, 
55056, 
55200, 
55149, 
55073, 
55256, 
55177, 
55199, 
54968, 
54764, 
54958, 
54931, 
55049, 
54891, 
54939, 
54986, 
54815, 
54975, 
54911, 
54961, 
54967, 
54886, 
54936, 
55047, 
55146, 
55112, 
55063, 
54973, 
54927, 
54981, 
55326, 
55164, 
55148, 
55242, 
55105, 
55126, 
55050, 
54917, 
55024, 
54921, 
54809, 
54889, 
54921, 
54977, 
54966, 
54937, 
55107, 
54993, 
54893, 
54884, 
55097, 
55061, 
55061, 
55004, 
55004, 
54969, 
54960, 
55000, 
54977, 
54901, 
54816, 
54727, 
54720, 
54683, 
54699, 
54684, 
54615, 
54668, 
54689, 
54532, 
54480, 
54423, 
54621, 
54822, 
54803, 
55053, 
54778, 
54780, 
54805, 
54832, 
55069, 
54867, 
54953, 
54781, 
54690, 
54926, 
54887, 
54948, 
54883, 
54816, 
54761, 
54763, 
54841, 
54628, 
54737, 
54768, 
54779, 
54835, 
54834, 
54759, 
54833, 
54773, 
54596, 
54818, 
54624, 
54495, 
54677, 
54484, 
54424, 
54433, 
54374, 
54375, 
54528, 
54595, 
54509, 
54553, 
54482, 
54637, 
54746, 
54602, 
54713, 
54606, 
54549, 
54737, 
54692, 
54722, 
54885, 
55016, 
55119, 
55157, 
55136, 
55152, 
55025, 
55072, 
55064, 
55186, 
55201, 
55280, 
55130, 
55175, 
55136, 
55077, 
54896, 
54998, 
54959, 
54973, 
54907, 
54921, 
55062, 
55059, 
54990, 
54877, 
55065, 
54878, 
54666, 
54861, 
54857, 
54893, 
54788, 
54845, 
54824, 
54938, 
55016, 
54867, 
54894, 
54903, 
54963, 
55022, 
55109, 
55229, 
55120, 
54990, 
55191, 
55230, 
55245, 
55251, 
55144, 
55249, 
55212, 
55075, 
54907, 
55065, 
54784, 
54653, 
54645, 
54701, 
54785, 
54910, 
54754, 
54828, 
54918, 
54920, 
54859, 
54924, 
54942, 
54982, 
55098, 
54912, 
54813, 
54781, 
54750, 
54848, 
55071, 
54962, 
54929, 
54913, 
54917, 
54802, 
55017, 
54914, 
55028, 
55053, 
55472, 
55337, 
55227, 
54975, 
54712, 
54886, 
54918, 
54834, 
54811, 
55002, 
55120, 
55136, 
55121, 
54933, 
54900, 
54993, 
55071, 
54994, 
55068, 
54916, 
54622, 
54640, 
54650, 
54782, 
54764, 
54750, 
54645, 
54708, 
54846, 
55041, 
55000, 
55080, 
55155, 
55009, 
55033, 
54829, 
54988, 
55013, 
55226, 
55253, 
55204, 
55232, 
55058, 
55162, 
54879, 
54861, 
54893, 
55014, 
54775, 
54823, 
54691, 
54721, 
54813, 
54933, 
54774, 
54554, 
54767, 
55000, 
54862, 
55000, 
55038, 
54931, 
54964, 
55020, 
55129, 
55142, 
55287, 
55038, 
55001, 
55030, 
55092, 
55131, 
55155, 
55007, 
55028, 
55009, 
55017, 
54659, 
54712, 
54705, 
54709, 
54652, 
54729, 
54779, 
54504, 
54731, 
54407, 
54586, 
54826, 
54817, 
54825, 
54772, 
55014, 
55228, 
55249, 
55172, 
55140, 
54953, 
54811, 
54967, 
54776, 
54652, 
54895, 
54892, 
55102, 
55181, 
54959, 
55110, 
55122, 
54913, 
54880, 
54972, 
55070, 
54882, 
54895, 
54906, 
54889, 
54653, 
54822, 
54923, 
54983, 
54927, 
54974, 
55230, 
55294, 
55267, 
55399, 
55262, 
54994, 
55114, 
55324, 
55211, 
55397, 
55414, 
55377, 
55317, 
55356, 
55488, 
55420, 
55083, 
54929, 
54867, 
54773, 
54758, 
54909, 
54881, 
54785, 
54667, 
54794, 
54814, 
54888, 
54707, 
54673, 
54719, 
54653, 
54664, 
54868, 
55046, 
54909, 
54985, 
55226, 
55217, 
55423, 
55140, 
55030, 
54950, 
54888, 
54763, 
54574, 
54721, 
54769, 
54778, 
54846, 
54854, 
54943, 
55016, 
54927, 
54755, 
54577, 
54704, 
54712, 
54692, 
54704, 
54720, 
54631, 
54703, 
54867, 
54877, 
54692, 
54851, 
54777, 
54887, 
54971, 
54977, 
55145, 
55199, 
55117, 
55126, 
54973, 
54814, 
54800, 
54827, 
54705, 
54794, 
54995, 
55014, 
54909, 
54854, 
54805, 
54666, 
54673, 
54624, 
54780, 
54685, 
54717, 
54793, 
54882, 
54921, 
54886, 
54957, 
54956, 
55023, 
55053, 
54842, 
54815, 
54762, 
54769, 
54615, 
54694, 
54651, 
54722, 
54705, 
54848, 
54963, 
54993, 
54768, 
54797, 
54790, 
54676, 
54721, 
54819, 
54792, 
54825, 
55011, 
55055, 
54939, 
54917, 
54757, 
54820, 
54568, 
54635, 
54724, 
54690, 
54642, 
54599, 
54616, 
54767, 
54862, 
54856, 
54897, 
54806, 
54859, 
54640, 
54825, 
55009, 
55044, 
54836, 
54870, 
54916, 
55227, 
55043, 
54786, 
54886, 
54680, 
54779, 
54848, 
54854, 
54909, 
54896, 
54987, 
55339, 
55411, 
55406, 
55270, 
55101, 
54887, 
55042, 
55006, 
54908, 
54905, 
54858, 
54807, 
54788, 
54909, 
54827, 
54800, 
54799, 
54563, 
54534, 
54638, 
54548, 
54684, 
54883, 
55047, 
55127, 
54945, 
54871, 
54984, 
55064, 
55011, 
55126, 
54966, 
54902, 
54797, 
54906, 
54723, 
54495, 
54541, 
54571, 
54686, 
54681, 
54773, 
54832, 
54959, 
54921, 
54834, 
54980, 
54847, 
54996, 
54989, 
55012, 
54687, 
54818, 
54764, 
54807, 
54888, 
54791, 
54817, 
54595, 
54650, 
54840, 
55012, 
55082, 
55098, 
54935, 
54894, 
54683, 
54516, 
54273, 
54300, 
54465, 
54745, 
54791, 
54939, 
55048, 
55210, 
55249, 
55139, 
55371, 
55149, 
55010, 
55060, 
54954, 
54976, 
54902, 
54786, 
55027, 
54783, 
54631, 
54706, 
54761, 
54860, 
54663, 
54549, 
54775, 
54604, 
54860, 
54931, 
54915, 
54750, 
54737, 
54851, 
54688, 
54722, 
54855, 
54896, 
54822, 
54967, 
55032, 
55010, 
54873, 
55026, 
54991, 
55307, 
55115, 
54999, 
54907, 
54972, 
54732, 
54639, 
54417, 
54394, 
54624, 
54569, 
54618, 
54349, 
54343, 
54448, 
54454, 
54449, 
54658, 
54885, 
54769, 
54742, 
54878, 
54829, 
54805, 
54700, 
54856, 
54910, 
54756, 
54822, 
54921, 
55009, 
55012, 
55210, 
55109, 
55025, 
55070, 
54972, 
54845, 
54783, 
54775, 
54966, 
54946, 
54849, 
55007, 
55042, 
55064, 
55086, 
55037, 
55171, 
55065, 
55112, 
55198, 
55074, 
55153, 
55153, 
54994, 
55081, 
55331, 
55182, 
55113, 
54950, 
54823, 
54875, 
55077, 
55130, 
55182, 
55121, 
55082, 
54871, 
54905, 
54803, 
55110, 
55071, 
55007, 
55042, 
54707, 
54862, 
54969, 
54825, 
54945, 
54981, 
54938, 
55110, 
54969, 
55043, 
55155, 
55014, 
54963, 
55039, 
55121, 
54925, 
54984, 
54917, 
54933, 
54950, 
55151, 
55063, 
54921, 
55028, 
55232, 
55181, 
55134, 
55079, 
55052, 
55053, 
54930, 
54855, 
55048, 
54977, 
54884, 
54981, 
54982, 
54934, 
54935, 
55037, 
55031, 
55017, 
54788, 
54986, 
54980, 
54783, 
54683, 
54572, 
54710, 
54794, 
54694, 
54779, 
54643, 
54632, 
54586, 
54498, 
54586, 
54363, 
54708, 
54806, 
54801, 
54662, 
54849, 
55010, 
54911, 
55038, 
55107, 
55020, 
54825, 
54850, 
55040, 
55117, 
55046, 
55259, 
55079, 
55058, 
55029, 
55138, 
55181, 
54824, 
54713, 
54615, 
54545, 
54471, 
54500, 
54583, 
54764, 
54772, 
54959, 
54995, 
55197, 
55115, 
55045, 
55038, 
55029, 
54998, 
54908, 
54855, 
54866, 
54628, 
54758, 
54951, 
55048, 
55061, 
55015, 
54863, 
54770, 
54752, 
54668, 
54695, 
54907, 
54799, 
54898, 
54884, 
55006, 
55003, 
55038, 
55082, 
55013, 
55042, 
54928, 
54830, 
55097, 
55176, 
55234, 
54922, 
54839, 
54805, 
54673, 
54772, 
54768, 
54832, 
54785, 
54946, 
55079, 
55003, 
55019, 
55042, 
55082, 
54802, 
54819, 
54987, 
54952, 
54994, 
55094, 
55095, 
55096, 
55085, 
55214, 
55149, 
55110, 
55142, 
55070, 
54856, 
54923, 
54979, 
54761, 
54885, 
55052, 
54960, 
54941, 
55161, 
54996, 
55099, 
55314, 
55377, 
55393, 
55100, 
55138, 
55144, 
55198, 
55076, 
55014, 
54926, 
54891, 
54972, 
55090, 
54920, 
55013, 
55058, 
54925, 
54955, 
54868, 
54858, 
54988, 
54884, 
54808, 
54999, 
54875, 
54870, 
54811, 
54757, 
54582, 
54630, 
54503, 
54617, 
54621, 
54657, 
54708, 
54848, 
55020, 
54903, 
54991, 
54928, 
54906, 
54967, 
55126, 
55011, 
54822, 
54859, 
54759, 
54787, 
54724, 
54564, 
54588, 
54661, 
54662, 
54670, 
54781, 
54748, 
54719, 
54643, 
54773, 
54758, 
54997, 
55029, 
55166, 
55170, 
55053, 
54991, 
55140, 
55075, 
55028, 
55099, 
54859, 
54886, 
54989, 
54948, 
54917, 
55075, 
55209, 
55151, 
55255, 
55325, 
55212, 
55114, 
55076, 
55024, 
54952, 
54921, 
55033, 
55109, 
54909, 
54706, 
54662, 
54459, 
54605, 
54750, 
54717, 
54766, 
54812, 
54813, 
54778, 
54767, 
54791, 
54843, 
54811, 
54824, 
54662, 
54488, 
54508, 
54624, 
54529, 
54507, 
54562, 
54646, 
54808, 
54774, 
54757, 
54688, 
54706, 
54892, 
55028, 
55010, 
55078, 
55024, 
54894, 
54921, 
54822, 
54942, 
54951, 
54975, 
55015, 
54980, 
54909, 
54889, 
55023, 
55023, 
54871, 
54980, 
54875, 
54730, 
54810, 
54741, 
54842, 
55050, 
55108, 
55035, 
55193, 
55172, 
55303, 
55311, 
55303, 
55505, 
55481, 
55463, 
55361, 
55478, 
55329, 
55125, 
55032, 
55034, 
55009, 
55019, 
55219, 
55064, 
55098, 
54924, 
54992, 
54781, 
54914, 
54782, 
54708, 
54626, 
54692, 
54865, 
55101, 
55122, 
55073, 
55001, 
55028, 
54966, 
54687, 
54731, 
54627, 
54504, 
54492, 
54590, 
54623, 
54454, 
54516, 
54659, 
54553, 
54485, 
54329, 
54464, 
54687, 
54847, 
54785, 
54783, 
54586, 
54615, 
54472, 
54536, 
54677, 
54748, 
54605, 
54507, 
54562, 
54621, 
54683, 
54707, 
54523, 
54529, 
54713, 
54778, 
54752, 
54930, 
54904, 
54725, 
54833, 
54996, 
54864, 
54762, 
54883, 
54862, 
54862, 
54830, 
54763, 
54798, 
54830, 
54869, 
55001, 
54946, 
54853, 
54981, 
54861, 
54930, 
55179, 
55227, 
55065, 
54859, 
54900, 
54700, 
54948, 
55071, 
54993, 
54933, 
54975, 
55007, 
55194, 
55202, 
55325, 
55202, 
55327, 
55315, 
55412, 
55297, 
55086, 
54908, 
54795, 
54789, 
54721, 
54516, 
54731, 
54731, 
54694, 
54664, 
54492, 
54559, 
54576, 
54804, 
54740, 
54898, 
55022, 
54942, 
54977, 
54940, 
54732, 
54719, 
54842, 
54973, 
54991, 
54827, 
54860, 
54881, 
54732, 
54625, 
54735, 
54726, 
54882, 
54840, 
54708, 
54855, 
54860, 
54984, 
54818, 
54811, 
54748, 
54818, 
54864, 
54904, 
54919, 
54779, 
54855, 
54858, 
54879, 
54789, 
54978, 
55076, 
55124, 
54956, 
55094, 
55109, 
54834, 
54794, 
54876, 
54823, 
54793, 
54817, 
54826, 
55011, 
55261, 
55331, 
55099, 
55003, 
54942, 
54942, 
55030, 
55214, 
55280, 
54984, 
55216, 
55154, 
55168, 
55061, 
54953, 
54924, 
55040, 
55043, 
54971, 
54831, 
54645, 
54744, 
54722, 
54903, 
54783, 
54864, 
54814, 
54804, 
54736, 
54892, 
55088, 
54878, 
55112, 
55159, 
55302, 
55198, 
55221, 
55010, 
55138, 
54941, 
54947, 
55100, 
55081, 
55185, 
55163, 
55114, 
55239, 
55261, 
55186, 
55156, 
55106, 
55326, 
55180, 
55158, 
55122, 
55050, 
54921, 
54949, 
54885, 
54828, 
54730, 
54684, 
54790, 
54868, 
54739, 
54706, 
54548, 
54517, 
54652, 
54721, 
54826, 
54787, 
54918, 
54998, 
54921, 
54818, 
54929, 
54905, 
55003, 
54905, 
54774, 
54883, 
54787, 
54904, 
54944, 
54950, 
54921, 
54830, 
54719, 
54855, 
54867, 
54884, 
54865, 
54808, 
54887, 
54944, 
54991, 
54869, 
54794, 
54998, 
54880, 
54959, 
54813, 
54695, 
54739, 
54739, 
54781, 
55035, 
55022, 
55025, 
54887, 
54962, 
54799, 
54860, 
54703, 
54666, 
54371, 
54676, 
54806, 
54902, 
54903, 
54865, 
54883, 
54942, 
55018, 
54850, 
54769, 
55102, 
55236, 
55001, 
55198, 
55304, 
55277, 
55077, 
55206, 
55121, 
55115, 
55218, 
55157, 
54918, 
54891, 
54893, 
54800, 
54785, 
54771, 
54712, 
54893, 
54804, 
54835, 
54682, 
54672, 
54654, 
54919, 
54710, 
54850, 
54894, 
55036, 
55036, 
54988, 
54998, 
54930, 
54922, 
55197, 
55230, 
55219, 
55164, 
55221, 
55147, 
54992, 
54923, 
54953, 
54852, 
54847, 
54774, 
54768, 
54913, 
55126, 
55003, 
54919, 
54801, 
54735, 
54924, 
54997, 
54954, 
55022, 
55184, 
55310, 
55363, 
55310, 
55365, 
55130, 
54966, 
55075, 
55043, 
54883, 
54746, 
54742, 
54804, 
54865, 
54949, 
55050, 
54917, 
54932, 
54985, 
54896, 
54860, 
54858, 
54759, 
54718, 
54646, 
54467, 
54395, 
54491, 
54600, 
54646, 
54835, 
54921, 
54987, 
55062, 
55142, 
55366, 
55148, 
54937, 
54946, 
54985, 
55060, 
55154, 
55220, 
55109, 
55127, 
54987, 
55129, 
55032, 
55208, 
55365, 
55526, 
55386, 
55178, 
54864, 
54773, 
54848, 
54825, 
54802, 
54791, 
54725, 
54595, 
54690, 
54722, 
54663, 
54617, 
54709, 
54786, 
54881, 
54816, 
54752, 
54689, 
54916, 
54790, 
54838, 
54982, 
54878, 
54731, 
54911, 
54762, 
54755, 
54615, 
54587, 
54504, 
54705, 
54770, 
54741, 
54967, 
55019, 
54995, 
55057, 
55117, 
54796, 
54979, 
54878, 
54984, 
54958, 
54916, 
54844, 
54566, 
54669, 
54533, 
54709, 
54993, 
54932, 
54987, 
54822, 
54955, 
55101, 
55194, 
55207, 
55010, 
55146, 
55299, 
55303, 
55267, 
55310, 
55071, 
55122, 
54860, 
54840, 
54799, 
54914, 
55011, 
55249, 
55192, 
55042, 
55008, 
54963, 
54794, 
54855, 
54714, 
54774, 
54923, 
54855, 
54660, 
54510, 
54647, 
54519, 
54315, 
54128, 
54275, 
54308, 
54212, 
54318, 
54462, 
54467, 
54611, 
54723, 
54612, 
54642, 
54715, 
54757, 
54999, 
54875, 
54806, 
54654, 
54712, 
54808, 
54710, 
54865, 
54884, 
54789, 
54677, 
54753, 
54688, 
54785, 
54650, 
54750, 
54970, 
54877, 
54672, 
54920, 
54880, 
54870, 
54920, 
54963, 
54958, 
54876, 
54797, 
54655, 
54568, 
54669, 
54606, 
54697, 
54942, 
55004, 
55167, 
55072, 
55140, 
55342, 
55177, 
55116, 
55081, 
54948, 
54906, 
54744, 
54787, 
54797, 
54818, 
54598, 
54680, 
54599, 
54829, 
54970, 
54842, 
55141, 
55133, 
55086, 
54877, 
55175, 
54941, 
54821, 
54654, 
54839, 
54874, 
54738, 
54795, 
54885, 
55002, 
54742, 
54849, 
55119, 
55228, 
55285, 
55154, 
55086, 
54976, 
55020, 
55063, 
55132, 
55182, 
55026, 
54933, 
54951, 
55080, 
55156, 
55185, 
55276, 
55329, 
55295, 
55404, 
55303, 
55373, 
55515, 
55271, 
55273, 
55276, 
55105, 
54753, 
54748, 
54718, 
54704, 
54612, 
54724, 
54552, 
54447, 
54531, 
54571, 
54605, 
54409, 
54434, 
54619, 
54724, 
54716, 
54709, 
54667, 
54572, 
54586, 
54611, 
54728, 
54658, 
54699, 
54617, 
54593, 
54467, 
54624, 
54687, 
54761, 
54746, 
54915, 
55001, 
55111, 
55230, 
55004, 
54927, 
54790, 
54921, 
55058, 
55370, 
55364, 
55172, 
55060, 
54966, 
55046, 
54912, 
54811, 
54924, 
55094, 
55314, 
55200, 
55006, 
54693, 
54625, 
54718, 
54661, 
54892, 
55059, 
54946, 
54797, 
54647, 
54423, 
54446, 
54386, 
54563, 
54554, 
54712, 
54949, 
54989, 
54977, 
54914, 
54928, 
54989, 
54852, 
54683, 
54840, 
54835, 
54801, 
54913, 
54845, 
54888, 
54849, 
55054, 
54852, 
54900, 
54750, 
54732, 
54898, 
55106, 
54977, 
54741, 
54816, 
54833, 
54748, 
54719, 
54713, 
54817, 
54610, 
54890, 
54740, 
54738, 
54843, 
54759, 
54728, 
54656, 
54456, 
54617, 
54685, 
54645, 
54825, 
54815, 
54888, 
55119, 
55025, 
55052, 
54871, 
54810, 
54790, 
54732, 
54876, 
54910, 
54905, 
54988, 
54909, 
55003, 
55000, 
55130, 
54963, 
54919, 
55119, 
55080, 
54978, 
54863, 
54690, 
54784, 
54647, 
54734, 
54804, 
55038, 
54991, 
55308, 
55360, 
55287, 
55228, 
55181, 
55096, 
55171, 
55053, 
55040, 
55040, 
55024, 
54877, 
54777, 
54702, 
54977, 
54992, 
54955, 
54928, 
54998, 
55028, 
54784, 
54947, 
54980, 
55052, 
54957, 
54895, 
54884, 
55033, 
54962, 
54783, 
54889, 
54813, 
54989, 
54885, 
54811, 
54820, 
55166, 
55012, 
55113, 
54796, 
54978, 
54933, 
54979, 
54734, 
54817, 
55073, 
55176, 
55107, 
55226, 
55191, 
55183, 
55263, 
55233, 
55070, 
55155, 
55121, 
55032, 
54853, 
54628, 
54805, 
54961, 
54943, 
54961, 
54903, 
54920, 
54819, 
54768, 
55000, 
54747, 
54837, 
54836, 
54820, 
54990, 
55046, 
55073, 
55224, 
55063, 
55018, 
54730, 
54806, 
54710, 
54691, 
54933, 
55062, 
54913, 
55150, 
55265, 
55156, 
55168, 
55346, 
55378, 
55317, 
55179, 
55067, 
55039, 
54951, 
55119, 
54939, 
55044, 
55072, 
55081, 
55034, 
55219, 
55157, 
55038, 
55072, 
55255, 
55316, 
55070, 
55106, 
55117, 
55096, 
55081, 
55054, 
54880, 
54756, 
54736, 
54745, 
54902, 
55010, 
55101, 
54921, 
54974, 
54908, 
54927, 
54961, 
55025, 
55256, 
55451, 
55397, 
55234, 
55514, 
55421, 
55350, 
55454, 
55368, 
55452, 
55346, 
55209, 
55262, 
55336, 
55287, 
55076, 
55056, 
54918, 
55075, 
55099, 
55153, 
55033, 
55012, 
54862, 
54700, 
54811, 
55090, 
54972, 
55033, 
55073, 
54890, 
54903, 
54689, 
54711, 
54822, 
54907, 
54971, 
54798, 
54786, 
54651, 
54643, 
54677, 
54826, 
54809, 
54840, 
54979, 
54858, 
54898, 
54750, 
54833, 
54694, 
54583, 
54772, 
54802, 
54862, 
54765, 
54806, 
54900, 
55054, 
55075, 
55020, 
55088, 
55188, 
55280, 
54948, 
55057, 
55104, 
54961, 
54969, 
54876, 
54870, 
54901, 
54846, 
54856, 
54985, 
55178, 
55196, 
55200, 
55092, 
55072, 
55091, 
55110, 
55046, 
55140, 
54997, 
54952, 
55071, 
55052, 
54928, 
54943, 
55048, 
55161, 
55142, 
55040, 
55026, 
54859, 
54859, 
54824, 
54854, 
54751, 
54795, 
54779, 
54708, 
54848, 
54821, 
54927, 
54767, 
54606, 
54602, 
54900, 
54760, 
54674, 
54894, 
54630, 
54617, 
54863, 
54763, 
54789, 
54771, 
54744, 
54736, 
54913, 
54594, 
54624, 
54865, 
54975, 
55086, 
55134, 
55156, 
55137, 
55293, 
55451, 
55400, 
55125, 
55211, 
55300, 
55309, 
55215, 
55212, 
55165, 
55188, 
54956, 
55001, 
55028, 
54952, 
54864, 
54787, 
54928, 
54876, 
54824, 
54732, 
54616, 
54532, 
54802, 
54529, 
54499, 
54489, 
54602, 
54804, 
54765, 
54989, 
55011, 
54938, 
55064, 
54997, 
55001, 
55034, 
55137, 
55260, 
55148, 
55003, 
55037, 
54875, 
54977, 
54909, 
55029, 
54965, 
54854, 
55064, 
55008, 
55090, 
55184, 
55257, 
55372, 
55449, 
55388, 
55374, 
55207, 
55194, 
55117, 
55258, 
55400, 
55120, 
54947, 
55074, 
55084, 
54780, 
54712, 
54550, 
54578, 
54566, 
54857, 
54914, 
54880, 
54666, 
54808, 
54806, 
54922, 
54784, 
54734, 
54773, 
54688, 
54844, 
54869, 
54696, 
54608, 
54798, 
54778, 
54808, 
54649, 
54848, 
54904, 
54971, 
54896, 
54708, 
54963, 
55055, 
55071, 
55109, 
55116, 
54968, 
54970, 
54865, 
54772, 
54922, 
54899, 
54951, 
54892, 
54922, 
54628, 
54676, 
54613, 
54671, 
54572, 
54684, 
54684, 
54705, 
54634, 
54723, 
54737, 
54857, 
54828, 
54882, 
55057, 
54909, 
54843, 
54795, 
54698, 
54630, 
54631, 
54576, 
54635, 
54848, 
54820, 
54972, 
54899, 
55130, 
55099, 
54962, 
55061, 
54958, 
54985, 
55003, 
54940, 
54903, 
54825, 
54975, 
54931, 
54824, 
54778, 
54578, 
54713, 
54751, 
54601, 
54798, 
54806, 
54901, 
54782, 
54839, 
55159, 
55193, 
55290, 
55128, 
55268, 
55121, 
54785, 
54930, 
54885, 
55142, 
55202, 
55154, 
55010, 
54766, 
54803, 
54654, 
54591, 
54632, 
54532, 
54628, 
54787, 
54706, 
54648, 
54798, 
54853, 
54698, 
54722, 
54656, 
54733, 
55076, 
54981, 
54903, 
54869, 
54647, 
54884, 
55201, 
55098, 
55087, 
54815, 
54795, 
54657, 
54848, 
54552, 
54804, 
54810, 
54774, 
54828, 
54680, 
54606, 
54543, 
54665, 
54809, 
54809, 
54779, 
54907, 
54975, 
55194, 
55045, 
55091, 
55147, 
55029, 
55028, 
54882, 
55022, 
55101, 
54991, 
55265, 
55219, 
55414, 
55410, 
55254, 
54972, 
55067, 
54957, 
54852, 
54897, 
54786, 
54761, 
54598, 
54727, 
54699, 
54752, 
54886, 
54830, 
54823, 
54892, 
54641, 
54687, 
54762, 
54778, 
54879, 
54971, 
55082, 
55054, 
55116, 
54928, 
54972, 
55012, 
54946, 
54872, 
54904, 
55011, 
55079, 
55112, 
55219, 
55173, 
55233, 
55094, 
55063, 
55084, 
55075, 
55049, 
54846, 
54856, 
55204, 
55071, 
54916, 
54893, 
54847, 
54905, 
54885, 
54980, 
54918, 
55093, 
55084, 
55079, 
55152, 
55108, 
55168, 
55117, 
55272, 
55254, 
55209, 
55110, 
54979, 
54830, 
54847, 
54715, 
54678, 
54666, 
54756, 
54791, 
54786, 
54741, 
54441, 
54578, 
54463, 
54626, 
54554, 
54605, 
54719, 
54678, 
54665, 
54898, 
54628, 
54475, 
54551, 
54716, 
55014, 
54871, 
55101, 
55169, 
54971, 
55290, 
55267, 
55332, 
55267, 
55137, 
55190, 
55046, 
55169, 
55089, 
55256, 
55304, 
55254, 
55364, 
55420, 
55322, 
55237, 
55474, 
55428, 
55140, 
55018, 
54917, 
55085, 
55066, 
55105, 
54986, 
55024, 
54919, 
54838, 
55007, 
54956, 
54870, 
55044, 
54798, 
54621, 
54507, 
54586, 
54731, 
54572, 
54641, 
54693, 
54440, 
54600, 
54491, 
54438, 
54583, 
54598, 
54695, 
55008, 
55159, 
55114, 
54906, 
54948, 
55007, 
55242, 
55372, 
55305, 
55189, 
55111, 
55194, 
55148, 
54921, 
54883, 
55067, 
55053, 
55033, 
54928, 
54986, 
55320, 
55232, 
54964, 
55110, 
54958, 
54769, 
54656, 
54692, 
54462, 
54497, 
54502, 
54756, 
54741, 
54712, 
54771, 
55036, 
54930, 
54869, 
54999, 
54970, 
54988, 
55085, 
55087, 
55127, 
55019, 
54990, 
55094, 
55080, 
55037, 
54897, 
54877, 
54967, 
55037, 
54856, 
54878, 
54950, 
54797, 
54757, 
54709, 
54821, 
54708, 
54831, 
54919, 
54827, 
54893, 
55050, 
55175, 
55036, 
55198, 
55050, 
55007, 
55011, 
54934, 
54926, 
54964, 
55115, 
55090, 
54831, 
54925, 
54637, 
54954, 
54908, 
55074, 
55145, 
55182, 
55060, 
55125, 
55079, 
55315, 
55250, 
55310, 
55228, 
55064, 
55050, 
55120, 
55198, 
55199, 
55240, 
55091, 
55163, 
55058, 
54881, 
54627, 
54544, 
54603, 
54780, 
54854, 
54876, 
55134, 
55070, 
55242, 
55353, 
55512, 
55465, 
55449, 
55136, 
55243, 
55185, 
55152, 
55109, 
55013, 
54974, 
54998, 
55031, 
54898, 
55098, 
54940, 
55146, 
55150, 
55153, 
55240, 
55072, 
55062, 
54937, 
54892, 
55059, 
55021, 
55098, 
54971, 
54748, 
54960, 
54873, 
54870, 
54722, 
54684, 
54594, 
54656, 
54719, 
54783, 
54620, 
54632, 
54549, 
54551, 
54461, 
54674, 
54627, 
54902, 
54756, 
54777, 
54873, 
54882, 
54797, 
54986, 
55137, 
54983, 
55021, 
55031, 
54797, 
54706, 
55042, 
54729, 
54647, 
54580, 
54474, 
54396, 
54518, 
54630, 
54778, 
54647, 
54631, 
54747, 
54507, 
54465, 
54564, 
54574, 
54664, 
54574, 
54584, 
54801, 
55119, 
55177, 
55148, 
55158, 
55126, 
55175, 
55288, 
55371, 
55038, 
54978, 
55011, 
55078, 
55065, 
54924, 
54845, 
54775, 
54984, 
54976, 
55243, 
55362, 
55321, 
55060, 
55110, 
55201, 
55239, 
55201, 
55127, 
55094, 
55138, 
54939, 
54977, 
55004, 
54914, 
54852, 
54867, 
54908, 
54879, 
54616, 
54758, 
54844, 
54994, 
55132, 
55263, 
55123, 
55112, 
55214, 
55097, 
55123, 
55177, 
55043, 
55210, 
55040, 
55135, 
54999, 
54967, 
54858, 
54929, 
54736, 
54918, 
55039, 
55000, 
55150, 
55013, 
54960, 
54843, 
54904, 
54820, 
55092, 
54913, 
54852, 
54891, 
55038, 
54842, 
54865, 
54920, 
55076, 
55076, 
54909, 
54833, 
54773, 
54702, 
54766, 
54905, 
54960, 
54679, 
54846, 
54951, 
55074, 
55231, 
55301, 
55238, 
55058, 
55003, 
54811, 
54774, 
54692, 
54918, 
54927, 
54881, 
54899, 
55023, 
55105, 
55141, 
55125, 
55159, 
55161, 
55106, 
54988, 
55117, 
55164, 
55015, 
55057, 
55061, 
55161, 
55026, 
55054, 
54992, 
55012, 
54983, 
55001, 
55151, 
55231, 
55119, 
54987, 
54806, 
54870, 
54698, 
54837, 
54955, 
55246, 
55246, 
54964, 
54994, 
55026, 
55201, 
55121, 
55063, 
55029, 
54784, 
54782, 
54896, 
55033, 
54981, 
55105, 
55042, 
54742, 
54590, 
54490, 
54465, 
54439, 
54755, 
54595, 
54608, 
54753, 
54702, 
54768, 
54765, 
54733, 
54874, 
54819, 
54805, 
54730, 
54889, 
54817, 
54833, 
54705, 
54893, 
54947, 
55077, 
55202, 
55192, 
55189, 
55220, 
55162, 
54949, 
55125, 
55178, 
55276, 
55072, 
55152, 
55096, 
54857, 
54980, 
55095, 
55102, 
55127, 
54989, 
54804, 
54853, 
55039, 
54835, 
55244, 
55255, 
55353, 
55194, 
54957, 
55026, 
54891, 
55041, 
55323, 
55263, 
55104, 
54920, 
54932, 
54815, 
55014, 
54887, 
54880, 
54911, 
55006, 
54969, 
54855, 
54897, 
54604, 
54738, 
54867, 
54898, 
55036, 
55105, 
54935, 
55060, 
55057, 
55009, 
54962, 
54869, 
54993, 
55078, 
55176, 
55009, 
54930, 
54920, 
55133, 
55213, 
55173, 
55218, 
54941, 
54923, 
54860, 
54946, 
54914, 
55066, 
55193, 
55158, 
55035, 
54829, 
54817, 
55183, 
55280, 
55066, 
54876, 
54931, 
54874, 
54785, 
54559, 
54582, 
54646, 
54849, 
54798, 
54753, 
54812, 
54641, 
54731, 
54844, 
54823, 
54815, 
54837, 
54906, 
54907, 
54986, 
55134, 
55191, 
55339, 
55153, 
55101, 
55179, 
55095, 
54970, 
54865, 
54846, 
54966, 
54814, 
54831, 
54896, 
54944, 
54770, 
54909, 
54991, 
54918, 
54895, 
54887, 
54850, 
54784, 
54739, 
54691, 
54774, 
54725, 
54707, 
54753, 
54856, 
54858, 
54760, 
54846, 
54889, 
55147, 
55132, 
55137, 
55278, 
55461, 
55446, 
55334, 
55166, 
55101, 
55014, 
55047, 
55086, 
54885, 
54981, 
55006, 
54862, 
54916, 
54826, 
54888, 
54914, 
54886, 
54846, 
54886, 
55272, 
55255, 
55242, 
55142, 
55026, 
54988, 
54946, 
55100, 
55038, 
55124, 
55220, 
54856, 
54840, 
55082, 
55143, 
55226, 
55231, 
55215, 
55121, 
55187, 
55055, 
54853, 
54909, 
54751, 
54872, 
54897, 
54786, 
54670, 
54759, 
54748, 
54794, 
54896, 
54916, 
55022, 
54930, 
54982, 
54997, 
54905, 
54693, 
54825, 
54892, 
54948, 
54858, 
54820, 
54926, 
54855, 
54926, 
54984, 
54819, 
54620, 
54775, 
54717, 
54678, 
54570, 
54638, 
54748, 
54630, 
54791, 
54838, 
54764, 
54987, 
54786, 
54992, 
55009, 
55127, 
54976, 
55255, 
55131, 
55141, 
55110, 
55094, 
55248, 
55382, 
55267, 
55303, 
55306, 
55412, 
55438, 
55313, 
55369, 
55197, 
55018, 
54954, 
54730, 
54999, 
54880, 
54812, 
54932, 
54920, 
54963, 
55181, 
55073, 
55168, 
55029, 
55236, 
55198, 
54988, 
54901, 
54701, 
54871, 
54946, 
54818, 
54749, 
54824, 
55034, 
54851, 
54675, 
54651, 
54749, 
55062, 
55101, 
55033, 
55162, 
55073, 
54947, 
55030, 
54969, 
54893, 
55164, 
55052, 
55223, 
55019, 
54982, 
54895, 
54936, 
55077, 
54920, 
55026, 
55195, 
55234, 
55299, 
55179, 
55119, 
55288, 
55254, 
55042, 
55024, 
55273, 
55114, 
55124, 
55090, 
55021, 
54895, 
54907, 
54838, 
55013, 
54971, 
54921, 
54774, 
54683, 
54643, 
55005, 
54908, 
54839, 
54868, 
54770, 
54660, 
54691, 
54926, 
54925, 
54997, 
55109, 
55088, 
54980, 
54797, 
55011, 
55091, 
55130, 
55122, 
55179, 
55053, 
55006, 
54928, 
54904, 
54753, 
54557, 
54297, 
54524, 
54577, 
54709, 
54748, 
54599, 
54918, 
55003, 
54964, 
54860, 
54698, 
54780, 
54837, 
54831, 
54745, 
54612, 
54800, 
54734, 
54860, 
54788, 
55051, 
55028, 
55025, 
54958, 
55017, 
54881, 
54922, 
55001, 
54951, 
54933, 
54969, 
55027, 
55017, 
55031, 
55128, 
54909, 
54943, 
54882, 
55077, 
55002, 
54867, 
54649, 
54440, 
54564, 
54492, 
54581, 
54787, 
55023, 
54944, 
55003, 
54949, 
54964, 
55035, 
55234, 
55163, 
55139, 
55071, 
55004, 
54913, 
54995, 
54860, 
54695, 
54703, 
54672, 
54802, 
54950, 
55007, 
55194, 
55134, 
55178, 
54944, 
54980, 
54888, 
54795, 
54706, 
54807, 
54972, 
55008, 
54886, 
54746, 
54801, 
54845, 
54856, 
55014, 
54916, 
55031, 
54946, 
54702, 
54651, 
54661, 
54775, 
54815, 
54934, 
54783, 
54750, 
54744, 
54758, 
54826, 
54844, 
55107, 
55045, 
55157, 
55101, 
54846, 
54728, 
54765, 
54662, 
54607, 
54712, 
54789, 
54836, 
55057, 
55156, 
55190, 
55266, 
55216, 
55316, 
55064, 
55113, 
54789, 
54757, 
54957, 
54882, 
54894, 
54939, 
54888, 
55117, 
55124, 
55156, 
55218, 
55071, 
55095, 
55107, 
54981, 
54956, 
54851, 
55028, 
54854, 
54716, 
54604, 
54812, 
54616, 
54471, 
54384, 
54527, 
54570, 
54524, 
54351, 
54564, 
54636, 
54748, 
54808, 
54814, 
54835, 
54805, 
54669, 
54634, 
54751, 
54880, 
55008, 
54932, 
55030, 
54749, 
54758, 
54828, 
54665, 
54750, 
54898, 
54764, 
54797, 
54696, 
54945, 
55076, 
54938, 
54735, 
54950, 
54843, 
55014, 
54861, 
54825, 
54840, 
54793, 
54690, 
54714, 
54569, 
54606, 
54545, 
54343, 
54206, 
54325, 
54469, 
54506, 
54671, 
54850, 
55105, 
54935, 
55112, 
54969, 
54826, 
54836, 
54975, 
54888, 
55017, 
54903, 
55036, 
55086, 
55104, 
55028, 
54995, 
55051, 
54882, 
54968, 
55062, 
54979, 
55207, 
55029, 
55123, 
55257, 
55330, 
55261, 
55029, 
55033, 
55115, 
55094, 
55109, 
55198, 
55369, 
55316, 
55178, 
55245, 
55144, 
54880, 
54697, 
54846, 
54845, 
54927, 
55004, 
54823, 
54775, 
54765, 
54770, 
54672, 
54556, 
54458, 
54736, 
54681, 
54611, 
54795, 
54900, 
54962, 
54938, 
55034, 
55175, 
54970, 
54916, 
54964, 
54729, 
54754, 
54757, 
54819, 
54873, 
54880, 
55101, 
54872, 
54658, 
54423, 
54680, 
54791, 
54611, 
54487, 
54546, 
54640, 
54695, 
54908, 
54815, 
54857, 
54908, 
54895, 
54967, 
54978, 
55074, 
55044, 
55131, 
55085, 
55318, 
55301, 
55325, 
55451, 
55406, 
55340, 
55409, 
55424, 
55198, 
55046, 
55105, 
55098, 
55103, 
54941, 
54694, 
54634, 
54887, 
54860, 
54857, 
54998, 
54898, 
54864, 
54784, 
54842, 
54782, 
54765, 
54704, 
54847, 
54653, 
54516, 
54477, 
54647, 
54483, 
54488, 
54647, 
54747, 
54861, 
54951, 
55131, 
55027, 
55023, 
54973, 
54775, 
54582, 
54641, 
54622, 
54739, 
54585, 
54786, 
54733, 
54708, 
54617, 
54394, 
54444, 
54438, 
54725, 
54878, 
54821, 
55051, 
55170, 
54870, 
54961, 
55046, 
55026, 
54849, 
54917, 
55010, 
54769, 
54878, 
54683, 
54308, 
54468, 
54469, 
54400, 
54439, 
54348, 
54280, 
54346, 
54552, 
54685, 
54822, 
55047, 
54840, 
54879, 
54804, 
54991, 
55066, 
55216, 
55125, 
55130, 
54891, 
54854, 
54825, 
54675, 
54674, 
54735, 
54789, 
54821, 
54955, 
55018, 
55085, 
55076, 
54988, 
54948, 
55100, 
54861, 
54919, 
54729, 
54845, 
54886, 
54938, 
55095, 
55130, 
55034, 
54938, 
54833, 
54747, 
54826, 
54696, 
54618, 
54643, 
54693, 
54770, 
54691, 
54816, 
55065, 
54976, 
54900, 
54955, 
55136, 
55003, 
55078, 
55214, 
55128, 
55097, 
54920, 
54991, 
54909, 
54946, 
54805, 
54777, 
54753, 
54935, 
54825, 
54810, 
54644, 
54700, 
54730, 
54828, 
54832, 
54899, 
54897, 
54860, 
54945, 
54832, 
54720, 
54674, 
54579, 
54516, 
54660, 
54517, 
54491, 
54892, 
54845, 
54897, 
54867, 
54898, 
54983, 
54753, 
54651, 
54680, 
54728, 
54776, 
54753, 
54741, 
54631, 
54605, 
54571, 
54549, 
54375, 
54337, 
54383, 
54552, 
54533, 
54421, 
54510, 
54629, 
54670, 
54616, 
54739, 
54516, 
54513, 
54674, 
54699, 
54729, 
54760, 
54944, 
55046, 
55042, 
55009, 
54658, 
54778, 
54821, 
55026, 
54973, 
54949, 
54583, 
54648, 
54557, 
54521, 
54571, 
54499, 
54384, 
54292, 
54464, 
54367, 
54496, 
54591, 
54725, 
54762, 
54669, 
54840, 
55033, 
54795, 
55100, 
54914, 
54949, 
54897, 
54918, 
55092, 
55128, 
54918, 
54763, 
54912, 
54702, 
54677, 
54522, 
54530, 
54669, 
54847, 
54880, 
54641, 
54653, 
54667, 
54719, 
54756, 
54751, 
54739, 
54902, 
55106, 
55013, 
54978, 
54931, 
54994, 
55037, 
55188, 
55163, 
55172, 
55018, 
55001, 
55054, 
55070, 
55184, 
55070, 
54862, 
54740, 
54624, 
54677, 
54797, 
54783, 
54880, 
55001, 
55112, 
55406, 
55522, 
55280, 
55080, 
54966, 
54980, 
55138, 
55213, 
55187, 
54981, 
55044, 
54845, 
54922, 
55061, 
54967, 
55188, 
54979, 
54978, 
54711, 
54938, 
54877, 
55058, 
55125, 
55017, 
54935, 
54819, 
54775, 
55003, 
55068, 
55049, 
54964, 
55202, 
55129, 
55195, 
55085, 
54959, 
54738, 
54664, 
54598, 
54808, 
55025, 
54996, 
54745, 
54839, 
54894, 
55021, 
54967, 
54875, 
54723, 
54573, 
54596, 
54705, 
54935, 
54893, 
54787, 
54661, 
54611, 
54678, 
54803, 
54768, 
54923, 
55043, 
54890, 
54951, 
54848, 
54919, 
54911, 
54913, 
55002, 
55075, 
54994, 
55037, 
54976, 
54777, 
54913, 
54908, 
54849, 
54956, 
55137, 
55015, 
54936, 
54958, 
54986, 
54960, 
54963, 
54792, 
55196, 
55109, 
55000, 
55061, 
54850, 
54735, 
54809, 
54739, 
54723, 
54777, 
54973, 
54862, 
55071, 
54703, 
54626, 
54584, 
54832, 
54766, 
54522, 
54512, 
54438, 
54660, 
54597, 
54675, 
54524, 
54575, 
54660, 
54616, 
54610, 
54534, 
54698, 
54493, 
54632, 
54653, 
54520, 
54702, 
54847, 
54734, 
54699, 
54714, 
54779, 
54704, 
54784, 
54862, 
54960, 
54920, 
54968, 
55225, 
54964, 
54928, 
54742, 
54837, 
54820, 
54921, 
55027, 
54829, 
54955, 
54861, 
55017, 
54962, 
54895, 
54905, 
54902, 
54773, 
54872, 
54748, 
54701, 
54578, 
54614, 
54626, 
54830, 
54871, 
54855, 
54745, 
54850, 
54743, 
54693, 
54905, 
55049, 
54933, 
54789, 
54671, 
54647, 
54723, 
54974, 
54761, 
54779, 
54780, 
54721, 
54497, 
54468, 
54773, 
54709, 
54745, 
54780, 
54863, 
54817, 
54995, 
55036, 
55088, 
54911, 
54825, 
54618, 
54673, 
54713, 
54743, 
54737, 
54658, 
54839, 
54554, 
54693, 
54595, 
54783, 
54806, 
55002, 
54889, 
55009, 
54990, 
55159, 
55041, 
55020, 
55137, 
54987, 
54906, 
54934, 
54759, 
54747, 
54780, 
54935, 
54931, 
54954, 
55167, 
55022, 
54864, 
54706, 
54858, 
54914, 
55047, 
55049, 
54965, 
54812, 
54784, 
54492, 
54676, 
55005, 
55051, 
54884, 
55148, 
55171, 
55081, 
55099, 
55049, 
55007, 
55032, 
55044, 
55110, 
55113, 
55068, 
55011, 
54867, 
55081, 
54976, 
54770, 
54716, 
54860, 
54891, 
55117, 
54984, 
54915, 
54749, 
54444, 
54718, 
54745, 
54709, 
54821, 
54951, 
55020, 
54929, 
54832, 
54904, 
54630, 
54610, 
54600, 
54682, 
54636, 
54379, 
54489, 
54511, 
54383, 
54492, 
54452, 
54617, 
54501, 
54515, 
54839, 
54519, 
54622, 
54702, 
54440, 
54680, 
54571, 
54622, 
54532, 
54428, 
54355, 
54393, 
54519, 
54615, 
54574, 
54615, 
54679, 
54738, 
54807, 
54660, 
54936, 
54934, 
54637, 
54675, 
54637, 
54886, 
54689, 
54595, 
54452, 
54513, 
54578, 
54641, 
54593, 
54630, 
54606, 
54626, 
54503, 
54667, 
54736, 
54753, 
54747, 
54878, 
54886, 
54918, 
54980, 
54967, 
54788, 
54930, 
55013, 
55037, 
55102, 
55013, 
54976, 
55021, 
55079, 
55116, 
55081, 
55129, 
54990, 
54912, 
55027, 
55021, 
55082, 
55192, 
55231, 
55196, 
55128, 
54960, 
55095, 
55161, 
54945, 
54932, 
55068, 
54951, 
54878, 
55010, 
54986, 
54986, 
55108, 
54876, 
54883, 
54783, 
54897, 
54736, 
54910, 
54989, 
54882, 
54841, 
54798, 
54895, 
54916, 
54789, 
54982, 
55051, 
54987, 
55253, 
55188, 
55092, 
54969, 
55098, 
55181, 
55148, 
54851, 
54796, 
54733, 
54906, 
55029, 
55189, 
55137, 
55068, 
54991, 
55147, 
54961, 
54922, 
54809, 
54710, 
54561, 
54572, 
54616, 
54605, 
54717, 
54710, 
54878, 
55006, 
54934, 
55108, 
55073, 
54964, 
55028, 
55000, 
55055, 
54969, 
55112, 
55060, 
55211, 
54863, 
54674, 
54793, 
54606, 
54755, 
54734, 
54687, 
54753, 
54780, 
54833, 
55047, 
55039, 
54920, 
54915, 
55020, 
54952, 
54724, 
54470, 
54647, 
54814, 
54791, 
54918, 
54907, 
54705, 
54862, 
55025, 
55092, 
54904, 
55054, 
55262, 
55174, 
55185, 
55273, 
55245, 
55119, 
54867, 
54948, 
54897, 
54953, 
54691, 
54991, 
55010, 
54998, 
55007, 
55017, 
55189, 
55305, 
54994, 
55172, 
55022, 
55042, 
55044, 
54881, 
54874, 
54958, 
54880, 
54692, 
54831, 
54776, 
54807, 
54520, 
54627, 
54715, 
54709, 
54740, 
54762, 
54941, 
54972, 
55124, 
55128, 
54954, 
54751, 
54706, 
54732, 
54633, 
54690, 
54788, 
54713, 
54712, 
54709, 
54668, 
54652, 
54823, 
54744, 
54666, 
54562, 
54602, 
54491, 
54573, 
54748, 
54705, 
54831, 
54892, 
54858, 
55082, 
54811, 
54953, 
54894, 
54588, 
54759, 
54884, 
54946, 
54978, 
54803, 
54947, 
54876, 
54878, 
54641, 
54804, 
54827, 
54889, 
54752, 
54905, 
54916, 
54904, 
54852, 
55159, 
55275, 
55182, 
55082, 
55222, 
55326, 
55271, 
55071, 
54951, 
54793, 
54770, 
54809, 
54767, 
54781, 
54868, 
54860, 
54959, 
54902, 
54709, 
54649, 
54522, 
54496, 
54674, 
54487, 
54518, 
54463, 
54353, 
54249, 
54347, 
54391, 
54622, 
54770, 
54700, 
54849, 
54933, 
54785, 
54590, 
54887, 
54808, 
54680, 
54682, 
54914, 
54866, 
55130, 
55033, 
54921, 
54890, 
54946, 
54793, 
54684, 
54901, 
54770, 
54602, 
54708, 
54563, 
54480, 
54684, 
54507, 
54614, 
54365, 
54521, 
54587, 
54624, 
54690, 
54839, 
54683, 
54823, 
54896, 
54879, 
54797, 
54914, 
54848, 
54934, 
55140, 
55149, 
55276, 
55141, 
55016, 
54987, 
54884, 
54916, 
54954, 
54906, 
54897, 
54921, 
54830, 
54869, 
54761, 
54828, 
55032, 
55041, 
55038, 
55047, 
54991, 
54923, 
54882, 
54707, 
54846, 
54760, 
54767, 
54880, 
54825, 
54655, 
54689, 
54749, 
54944, 
55003, 
55024, 
54883, 
54887, 
54918, 
54766, 
54822, 
54907, 
54971, 
54879, 
54835, 
54889, 
54907, 
54800, 
54986, 
54867, 
54808, 
54877, 
55010, 
54713, 
54927, 
54762, 
54600, 
54683, 
54611, 
54610, 
54789, 
54696, 
54910, 
54857, 
54805, 
54869, 
54959, 
54921, 
54626, 
54644, 
54598, 
54678, 
54910, 
55031, 
55001, 
54856, 
54794, 
54943, 
55054, 
54897, 
54859, 
54865, 
54703, 
54743, 
54962, 
54887, 
54829, 
54867, 
55037, 
55089, 
54970, 
55149, 
55013, 
55057, 
54777, 
54904, 
54852, 
54906, 
54942, 
54933, 
54996, 
54892, 
55060, 
54905, 
54773, 
54785, 
54690, 
54590, 
54650, 
54727, 
54813, 
54793, 
54879, 
54898, 
54863, 
54633, 
54715, 
54725, 
54866, 
54645, 
54600, 
54822, 
54654, 
54718, 
54561, 
54434, 
54521, 
54575, 
54672, 
54724, 
54811, 
54758, 
54590, 
54707, 
54532, 
54794, 
54733, 
54736, 
54896, 
54889, 
54901, 
54900, 
55013, 
55184, 
55096, 
54968, 
54905, 
54750, 
54883, 
54799, 
55018, 
54930, 
54863, 
54820, 
54882, 
54740, 
54717, 
54575, 
54562, 
54550, 
54568, 
54780, 
54858, 
54885, 
54890, 
54993, 
55039, 
55109, 
55006, 
55053, 
55219, 
55116, 
55157, 
55023, 
54915, 
54937, 
54980, 
54963, 
54823, 
54873, 
54966, 
54900, 
54749, 
54601, 
54464, 
54716, 
54865, 
54874, 
54675, 
54709, 
54951, 
55171, 
55059, 
55099, 
55049, 
54894, 
54935, 
55131, 
55194, 
55165, 
55033, 
55017, 
55036, 
55013, 
55079, 
55052, 
55114, 
54987, 
54881, 
54767, 
54850, 
54918, 
54666, 
54829, 
54801, 
54588, 
54478, 
54462, 
54583, 
54408, 
54734, 
54868, 
54694, 
54711, 
54575, 
54755, 
54801, 
54909, 
54931, 
54793, 
54774, 
54852, 
54843, 
54890, 
55017, 
55182, 
55034, 
55075, 
54908, 
54829, 
54856, 
54826, 
54898, 
54958, 
54883, 
55219, 
55155, 
55107, 
55118, 
54907, 
55165, 
55207, 
55051, 
54876, 
54740, 
54727, 
54770, 
54714, 
54636, 
54641, 
54479, 
54427, 
54443, 
54779, 
54849, 
54895, 
54880, 
54923, 
54873, 
54862, 
54851, 
54783, 
54596, 
54642, 
54697, 
54733, 
54820, 
54846, 
54765, 
54871, 
54935, 
54878, 
54982, 
54908, 
55122, 
55020, 
55044, 
55094, 
55096, 
55202, 
55102, 
55233, 
55282, 
55299, 
55287, 
55033, 
55056, 
55014, 
54969, 
54896, 
55037, 
55022, 
54905, 
54889, 
54675, 
54646, 
54661, 
54577, 
54666, 
54707, 
54955, 
54834, 
54788, 
54667, 
54713, 
55069, 
54898, 
55075, 
55131, 
55041, 
55145, 
55260, 
55222, 
55176, 
54933, 
54908, 
54766, 
54609, 
54721, 
54574, 
54488, 
54388, 
54310, 
54282, 
54313, 
54534, 
54647, 
54662, 
54695, 
54782, 
55003, 
54906, 
54814, 
54818, 
54898, 
54705, 
54785, 
54808, 
54653, 
54709, 
54615, 
54392, 
54429, 
54478, 
54603, 
54515, 
54401, 
54377, 
54505, 
54800, 
54889, 
54821, 
54730, 
54985, 
55043, 
55145, 
55130, 
55282, 
55085, 
55071, 
55006, 
54961, 
55160, 
54958, 
54872, 
54754, 
54897, 
54908, 
54864, 
54867, 
54854, 
54923, 
54862, 
54860, 
54838, 
54932, 
54713, 
54885, 
54985, 
54979, 
55043, 
54876, 
55074, 
55067, 
55013, 
54837, 
54792, 
54879, 
54743, 
54763, 
54908, 
55239, 
55138, 
54990, 
54861, 
54674, 
54718, 
54794, 
54852, 
54724, 
54996, 
55091, 
54988, 
54998, 
55023, 
55051, 
54956, 
55113, 
55131, 
55143, 
55095, 
55025, 
54908, 
54895, 
54752, 
54917, 
55046, 
54890, 
54888, 
54749, 
54591, 
54640, 
54686, 
54538, 
54594, 
54961, 
55034, 
55046, 
55216, 
55141, 
55515, 
55432, 
55366, 
55403, 
55248, 
55327, 
55085, 
55096, 
54827, 
54865, 
54616, 
54649, 
54696, 
54837, 
54718, 
54830, 
55178, 
55043, 
54837, 
54801, 
54694, 
54713, 
54672, 
54590, 
54637, 
54598, 
54610, 
54677, 
54684, 
54771, 
54705, 
54569, 
54705, 
54782, 
54696, 
54836, 
54923, 
55087, 
55015, 
54896, 
54943, 
55001, 
55130, 
55098, 
55062, 
55054, 
55099, 
0