48, 
59, 
57, 
69, 
68, 
53, 
54, 
60, 
45, 
57, 
61, 
67, 
77, 
53, 
47, 
49, 
41, 
76, 
50, 
65, 
66, 
62, 
68, 
60, 
53, 
55, 
50, 
92, 
58, 
55, 
55, 
47, 
57, 
60, 
62, 
71, 
73, 
69, 
66, 
59, 
77, 
67, 
61, 
54, 
107, 
55, 
63, 
67, 
53, 
57, 
53, 
45, 
46, 
52, 
65, 
57, 
48, 
53, 
86, 
64, 
69, 
69, 
57, 
62, 
77, 
79, 
61, 
100, 
61, 
77, 
60, 
65, 
58, 
62, 
58, 
59, 
49, 
64, 
50, 
55, 
66, 
64, 
57, 
74, 
62, 
64, 
75, 
72, 
66, 
56, 
52, 
71, 
64, 
74, 
60, 
52, 
58, 
46, 
55, 
51, 
50, 
54, 
59, 
74, 
58, 
56, 
52, 
62, 
63, 
58, 
72, 
49, 
48, 
60, 
54, 
63, 
51, 
64, 
60, 
66, 
52, 
75, 
48, 
85, 
80, 
74, 
66, 
55, 
67, 
67, 
54, 
72, 
59, 
56, 
62, 
61, 
71, 
59, 
62, 
71, 
68, 
56, 
52, 
87, 
61, 
89, 
61, 
57, 
58, 
59, 
49, 
63, 
45, 
58, 
70, 
52, 
57, 
47, 
70, 
67, 
60, 
63, 
51, 
72, 
49, 
52, 
45, 
58, 
53, 
73, 
62, 
57, 
66, 
51, 
50, 
76, 
67, 
73, 
75, 
48, 
54, 
48, 
52, 
68, 
56, 
57, 
52, 
52, 
68, 
57, 
56, 
56, 
55, 
57, 
67, 
67, 
61, 
53, 
64, 
52