55, 
41, 
52, 
59, 
40, 
43, 
47, 
56, 
67, 
69, 
52, 
38, 
45, 
40, 
43, 
60, 
65, 
35, 
47, 
56, 
54, 
46, 
46, 
56, 
59, 
38, 
49, 
49, 
54, 
37, 
46, 
55, 
57, 
52, 
44, 
85, 
47, 
52, 
52, 
49, 
63, 
51, 
40, 
36, 
53, 
51, 
40, 
43, 
46, 
54, 
39, 
71, 
35, 
40, 
50, 
52, 
53, 
59, 
49, 
42, 
45, 
58, 
61, 
42, 
44, 
38, 
57, 
48, 
52, 
47, 
47, 
46, 
56, 
90, 
47, 
49, 
49, 
51, 
49, 
44, 
42, 
40, 
50, 
47, 
47, 
62, 
43, 
87, 
48, 
51, 
45, 
44, 
51, 
42, 
44, 
44, 
54, 
49, 
61, 
45, 
35, 
49, 
47, 
49, 
41, 
54, 
50, 
56, 
67, 
43, 
40, 
38, 
55, 
77, 
50, 
45, 
52, 
41, 
44, 
45, 
40, 
43, 
54, 
46, 
50, 
49, 
47, 
41, 
42, 
46, 
47, 
46, 
43, 
50, 
55, 
52, 
46, 
66, 
41, 
46, 
52, 
49, 
37, 
39, 
38, 
40, 
54, 
57, 
57, 
35, 
43, 
39, 
54, 
43, 
42, 
60, 
39, 
41, 
37, 
40, 
46, 
45, 
47, 
45, 
56, 
39, 
56, 
41, 
44, 
62, 
52, 
47, 
48, 
63, 
49, 
57, 
38, 
64, 
54, 
62, 
47, 
55, 
50, 
35, 
43, 
47, 
55, 
40, 
50, 
37, 
50, 
41, 
51, 
38, 
36, 
43, 
54, 
54, 
49, 
39