27, 
38, 
34, 
23, 
33, 
38, 
53, 
56, 
48, 
33, 
28, 
27, 
37, 
39, 
33, 
42, 
38, 
50, 
30, 
49, 
43, 
37, 
41, 
28, 
39, 
39, 
40, 
37, 
34, 
40, 
29, 
42, 
40, 
44, 
39, 
31, 
63, 
42, 
39, 
38, 
35, 
37, 
38, 
28, 
30, 
34, 
37, 
37, 
29, 
38, 
33, 
28, 
28, 
63, 
35, 
26, 
49, 
46, 
28, 
36, 
44, 
50, 
48, 
41, 
45, 
44, 
44, 
34, 
63, 
28, 
37, 
27, 
38, 
45, 
43, 
34, 
36, 
23, 
54, 
48, 
31, 
36, 
45, 
42, 
54, 
22, 
45, 
37, 
46, 
40, 
43, 
27, 
42, 
39, 
34, 
36, 
35, 
36, 
43, 
29, 
32, 
38, 
38, 
25, 
29, 
57, 
30, 
28, 
53, 
45, 
36, 
34, 
34, 
22, 
36, 
29, 
33, 
32, 
31, 
27, 
40, 
28, 
39, 
55, 
43, 
35, 
34, 
35, 
55, 
27, 
32, 
37, 
53, 
32, 
37, 
28, 
32, 
51, 
37, 
28, 
39, 
29, 
34, 
65, 
42, 
37, 
37, 
35, 
29, 
31, 
54, 
43, 
26, 
38, 
49, 
33, 
36, 
36, 
27, 
32, 
29, 
49, 
29, 
40, 
40, 
40, 
28, 
36, 
41, 
34, 
34, 
26, 
34, 
47, 
34, 
29, 
30, 
29, 
31, 
28, 
24, 
27, 
37, 
35, 
42, 
51, 
41, 
40, 
34, 
42, 
28, 
40, 
26, 
42, 
34, 
26, 
28, 
28, 
37, 
37