45, 
25, 
24, 
20, 
45, 
28, 
15, 
33, 
55, 
25, 
24, 
35, 
40, 
29, 
29, 
27, 
44, 
25, 
26, 
18, 
35, 
25, 
37, 
25, 
21, 
38, 
39, 
21, 
30, 
30, 
39, 
29, 
25, 
35, 
25, 
19, 
34, 
32, 
37, 
27, 
26, 
23, 
34, 
23, 
39, 
22, 
23, 
23, 
32, 
21, 
32, 
27, 
19, 
28, 
38, 
27, 
28, 
29, 
46, 
23, 
28, 
27, 
23, 
27, 
26, 
33, 
23, 
21, 
32, 
24, 
27, 
27, 
15, 
41, 
24, 
15, 
22, 
31, 
25, 
27, 
24, 
29, 
26, 
27, 
23, 
27, 
24, 
44, 
17, 
26, 
17, 
35, 
37, 
36, 
45, 
29, 
54, 
28, 
27, 
66, 
40, 
51, 
25, 
24, 
25, 
36, 
26, 
34, 
21, 
40, 
44, 
17, 
18, 
35, 
74, 
30, 
27, 
42, 
36, 
23, 
24, 
14, 
47, 
43, 
32, 
21, 
16, 
30, 
54, 
26, 
28, 
20, 
23, 
15, 
16, 
44, 
33, 
32, 
29, 
27, 
24, 
28, 
23, 
25, 
39, 
21, 
24, 
35, 
22, 
24, 
24, 
17, 
27, 
39, 
23, 
21, 
33, 
23, 
38, 
25, 
28, 
22, 
47, 
36, 
19, 
29, 
36, 
25, 
35, 
37, 
35, 
25, 
21, 
27, 
23, 
44, 
18, 
28, 
31, 
17, 
33, 
21, 
31, 
22, 
42, 
23, 
23, 
31, 
24, 
33, 
30, 
25, 
36, 
24, 
56, 
20, 
32, 
18, 
19, 
24