50, 
57, 
39, 
43, 
51, 
50, 
48, 
46, 
51, 
47, 
51, 
57, 
61, 
81, 
41, 
53, 
52, 
63, 
63, 
85, 
51, 
42, 
92, 
48, 
44, 
68, 
62, 
66, 
41, 
52, 
60, 
39, 
41, 
55, 
59, 
56, 
43, 
53, 
55, 
70, 
55, 
53, 
47, 
53, 
59, 
58, 
50, 
55, 
44, 
46, 
38, 
51, 
61, 
48, 
62, 
48, 
53, 
49, 
62, 
43, 
59, 
43, 
52, 
51, 
48, 
58, 
54, 
54, 
68, 
68, 
57, 
71, 
61, 
44, 
49, 
59, 
42, 
61, 
56, 
50, 
50, 
43, 
57, 
54, 
53, 
48, 
49, 
46, 
56, 
61, 
55, 
50, 
63, 
57, 
59, 
54, 
53, 
49, 
45, 
55, 
57, 
50, 
53, 
52, 
52, 
43, 
49, 
69, 
55, 
49, 
78, 
51, 
42, 
83, 
77, 
46, 
91, 
43, 
49, 
46, 
51, 
44, 
47, 
66, 
57, 
47, 
86, 
52, 
44, 
71, 
48, 
67, 
55, 
55, 
50, 
47, 
59, 
60, 
44, 
66, 
56, 
63, 
48, 
56, 
43, 
53, 
67, 
57, 
69, 
48, 
65, 
53, 
48, 
61, 
48, 
53, 
44, 
37, 
44, 
43, 
51, 
45, 
53, 
47, 
56, 
72, 
68, 
41, 
47, 
47, 
53, 
63, 
44, 
55, 
60, 
56, 
54, 
67, 
63, 
52, 
60, 
48, 
56, 
49, 
57, 
44, 
64, 
64, 
47, 
53, 
48, 
41, 
52, 
54, 
52, 
48, 
48, 
58, 
58, 
50