60, 
45, 
36, 
46, 
40, 
54, 
37, 
44, 
70, 
37, 
51, 
60, 
40, 
40, 
32, 
39, 
35, 
37, 
45, 
41, 
45, 
48, 
38, 
41, 
67, 
42, 
39, 
44, 
49, 
39, 
38, 
43, 
55, 
34, 
45, 
48, 
37, 
70, 
59, 
48, 
67, 
55, 
39, 
49, 
39, 
48, 
41, 
36, 
44, 
37, 
34, 
51, 
43, 
46, 
43, 
48, 
37, 
32, 
44, 
39, 
40, 
41, 
43, 
45, 
46, 
54, 
62, 
28, 
53, 
44, 
42, 
66, 
47, 
32, 
43, 
38, 
41, 
40, 
36, 
35, 
35, 
52, 
33, 
36, 
36, 
47, 
47, 
42, 
39, 
35, 
44, 
36, 
51, 
64, 
41, 
45, 
50, 
38, 
38, 
45, 
52, 
59, 
57, 
46, 
32, 
72, 
38, 
54, 
35, 
53, 
38, 
40, 
41, 
59, 
51, 
52, 
46, 
39, 
38, 
37, 
39, 
47, 
30, 
47, 
50, 
37, 
45, 
44, 
30, 
39, 
34, 
42, 
44, 
47, 
36, 
41, 
36, 
49, 
44, 
40, 
39, 
38, 
51, 
39, 
61, 
52, 
48, 
42, 
51, 
30, 
43, 
37, 
37, 
40, 
41, 
37, 
52, 
37, 
44, 
30, 
71, 
39, 
32, 
54, 
43, 
48, 
46, 
54, 
32, 
59, 
33, 
39, 
39, 
33, 
37, 
45, 
38, 
34, 
48, 
38, 
37, 
46, 
41, 
35, 
59, 
47, 
35, 
42, 
59, 
48, 
68, 
42, 
38, 
47, 
38, 
48, 
44, 
40, 
41, 
37