32, 
22, 
39, 
40, 
26, 
45, 
24, 
26, 
64, 
22, 
39, 
29, 
43, 
22, 
24, 
50, 
18, 
34, 
23, 
30, 
22, 
34, 
38, 
39, 
25, 
25, 
37, 
27, 
35, 
36, 
25, 
28, 
34, 
26, 
38, 
37, 
39, 
23, 
47, 
23, 
20, 
37, 
21, 
55, 
39, 
35, 
49, 
33, 
32, 
47, 
28, 
30, 
33, 
31, 
34, 
48, 
17, 
34, 
31, 
29, 
45, 
39, 
36, 
29, 
23, 
26, 
62, 
29, 
32, 
24, 
30, 
30, 
40, 
24, 
34, 
33, 
32, 
40, 
29, 
51, 
40, 
25, 
29, 
32, 
25, 
58, 
33, 
28, 
38, 
26, 
29, 
43, 
34, 
36, 
25, 
30, 
40, 
26, 
27, 
30, 
25, 
36, 
36, 
24, 
28, 
48, 
29, 
39, 
27, 
27, 
28, 
32, 
24, 
37, 
24, 
36, 
36, 
52, 
32, 
24, 
39, 
30, 
24, 
45, 
29, 
28, 
27, 
41, 
38, 
33, 
38, 
33, 
48, 
26, 
30, 
28, 
26, 
38, 
21, 
37, 
31, 
43, 
34, 
38, 
23, 
25, 
23, 
40, 
23, 
29, 
28, 
29, 
38, 
29, 
25, 
29, 
30, 
33, 
37, 
28, 
27, 
35, 
28, 
37, 
39, 
39, 
31, 
37, 
46, 
31, 
26, 
26, 
26, 
32, 
21, 
40, 
31, 
26, 
23, 
24, 
45, 
43, 
29, 
28, 
27, 
38, 
25, 
35, 
27, 
33, 
34, 
24, 
40, 
29, 
49, 
24, 
28, 
21, 
38, 
20